instance61_nreq2000_nveh40_gamma1829
1749 3749 1031 3031 211 2211 942 2942 876 2876 1985 3985 1047 3047 150 2150 1856 3856 1440 5 2005 3440 864 2864 1005 3005 1852 3852 936 2936 1257 3257 548 2548 1419 3419 1243 3243 1027 3027 1877 3877 1292 3292 1603 3603 1138 3138 308 2308 1070 3070 434 2434 1185 3185 1719 3719 1623 3623 917 2917 1717 3717 968 2968 327 2327 1707 3707 742 2742 29 2029 1520 3520 1236 3236 1177 3177 905 2905 1804 3804 633 2633 41 2041 271 2271 335 2335 469 2469 760 2760 858 2858 1613 3613 1643 3643 870 2870 955 2955 875 2875 750 2750 441 2441 587 2587 1598 3598 1822 3822 1461 3461 99 2099 1485 3485 1614 3614 147 2147 1010 3010 1905 3905 1347 3347 1867 3867 1654 3654 464 2464 1872 3872 805 2805 1929 3929 1105 3105 1390 3390 1343 3343 1728 3728 128 2128 601 2601 1633 3633 1144 3144 1509 3509 495 2495 1826 3826 370 2370 120 2120 914 2914 124 2124 1772 3772 798 2798 1918 3918 1853 3853 889 2889 152 2152 1067 3067 789 2789 745 2745 979 2979 1791 3791 990 2990 552 2552 345 2345 901 2901 223 2223 536 2536 386 2386 1345 3345 1911 3911 1640 3640 1284 3284 117 2117 995 2995 1984 3984 852 2852 394 2394 1621 3621 1892 3892 604 2604 780 2780 1903 3903 835 2835 1875 3875 571 2571 1611 3611 208 2208 1873 3873 1155 3155 529 2529 1179 3179 1829 3829 1291 3291 1816 3816 636 2636 1303 3303 902 2902 1790 3790 1737 3737 992 2992 462 2462 196 2196 257 2257 782 2782 1602 3602 497 2497 1352 3352 108 2108 419 2419 82 2082 37 2037 1908 3908 412 2412 737 2737 840 2840 33 2033 1295 3295 1669 3669 616 2616 1232 3232 1681 3681 919 2919 662 2662 1542 3542 1600 3600 1741 3741 1081 3081 1878 3878 1544 3544 727 2727 961 2961 541 2541 1850 3850 1861 3861 1714 3714 1942 3942 1449 3449 1019 3019 477 2477 1661 3661 1454 3454 75 2075 1357 3357 202 2202 808 2808 1722 3722 261 2261 951 2951 445 2445 522 2522 693 2693 828 2828 1418 3418 1814 3814 623 2623 1301 3301 176 2176 1475 3475 1665 3665 993 2993 23 2023 98 2098 1389 3389 30 2030 354 2354 1559 3559 1940 3940 781 2781 1704 3704 982 2982 1965 3965 213 2213 850 2850 1501 3501 141 2141 906 2906 1986 3986 648 2648 1759 3759 133 2133 1100 3100 332 2332 1181 3181 1280 3280 341 2341 1686 3686 907 2907 1032 3032 125 2125 489 2489 1659 3659 846 2846 1527 3527 11 2011 1337 3337 1311 3311 405 2405 140 2140 91 2091 1734 3734 1021 3021 837 2837 987 2987 1288 3288 423 2423 490 2490 799 2799 426 2426 581 2581 1416 3416 431 2431 1391 3391 1846 3846 879 2879 903 2903 277 2277 269 2269 615 2615 1796 3796 1079 3079 329 2329 1261 3261 869 2869 1247 3247 1635 3635 1222 3222 792 2792 78 2078 598 2598 460 2460 488 2488 1662 3662 103 2103 1783 3783 442 2442 506 2506 287 2287 1912 3912 142 2142 1530 3530 1624 3624 194 2194 468 2468 1997 3997 391 2391 801 2801 1612 3612 1616 3616 1537 3537 123 2123 841 2841 337 2337 371 2371 1646 3646 1885 3885 428 2428 309 2309 1464 3464 1812 3812 42 2042 1548 3548 187 2187 1729 3729 228 2228 129 2129 1051 3051 260 2260 1562 3562 1090 3090 183 2183 101 2101 619 2619 532 2532 752 2752 1584 3584 216 2216 1935 3935 400 2400 1304 3304 1410 3410 1003 3003 1742 3742 1465 3465 1657 3657 1645 3645 664 2664 946 2946 134 2134 863 2863 54 2054 311 2311 1510 3510 915 2915 539 2539 1040 3040 839 2839 1849 3849 1805 3805 815 2815 1629 3629 1838 3838 878 2878 501 2501 997 2997 107 2107 1127 3127 191 2191 430 2430 1099 3099 1420 3420 272 2272 794 2794 680 2680 57 2057 1025 3025 1381 3381 44 2044 110 2110 1919 3919 888 2888 66 2066 1752 3752 1264 3264 1300 3300 188 2188 588 2588 1374 3374 459 2459 1216 3216 1182 3182 70 2070 1153 3153 1290 3290 450 2450 977 2977 1959 3959 427 2427 573 2573 675 2675 1166 3166 1592 3592 1770 3770 1176 3176 136 2136 81 2081 155 2155 222 2222 12 2012 950 2950 924 2924 685 2685 1188 3188 1354 3354 436 2436 1622 3622 1444 3444 937 2937 215 2215 1187 3187 1209 3209 657 2657 738 2738 1932 3932 1404 3404 1747 3747 666 2666 255 2255 1415 3415 225 2225 1636 3636 624 2624 966 2966 1545 3545 1765 3765 1406 3406 349 2349 1868 3868 690 2690 1192 3192 1753 3753 1016 3016 306 2306 1666 3666 959 2959 1945 3945 190 2190 1808 3808 1074 3074 554 2554 1132 3132 1896 3896 1065 3065 1319 3319 1022 3022 1455 3455 1367 3367 707 2707 1921 3921 974 2974 422 2422 1057 3057 1441 3441 294 2294 1062 3062 1785 3785 1207 3207 1827 3827 813 2813 14 2014 1451 3451 1263 3263 646 2646 519 2519 1001 3001 239 2239 1119 3119 717 2717 1775 3775 217 2217 558 2558 1925 3925 1549 3549 429 2429 1148 3148 1924 3924 1143 3143 58 2058 88 2088 939 2939 1595 3595 1317 3317 47 2047 538 2538 193 2193 1910 3910 1302 3302 630 2630 1700 3700 229 2229 282 2282 720 2720 1894 3894 113 2113 1786 3786 1990 3990 507 2507 712 2712 731 2731 563 2563 1570 3570 242 2242 606 2606 1996 3996 1059 3059 1651 3651 315 2315 1050 3050 1335 3335 617 2617 156 2156 1460 3460 481 2481 927 2927 449 2449 1023 3023 373 2373 679 2679 399 2399 1355 3355 1731 3731 248 2248 929 2929 500 2500 1111 3111 1339 3339 1122 3122 709 2709 1307 3307 1688 3688 1904 3904 377 2377 304 2304 1206 3206 62 2062 418 2418 1225 3225 1901 3901 702 2702 1189 3189 513 2513 204 2204 1072 3072 1190 3190 470 2470 171 2171 1571 3571 570 2570 1876 3876 728 2728 1417 3417 343 2343 1712 3712 452 2452 338 2338 579 2579 1358 3358 1871 3871 1129 3129 873 2873 205 2205 1586 3586 1309 3309 293 2293 912 2912 729 2729 461 2461 1329 3329 121 2121 600 2600 1139 3139 945 2945 542 2542 130 2130 1244 3244 1713 3713 713 2713 726 2726 1956 3956 1839 3839 1316 3316 234 2234 1157 3157 1802 3802 1342 3342 973 2973 669 2669 819 2819 1272 3272 1793 3793 653 2653 711 2711 861 2861 1842 3842 1768 3768 22 2022 1254 3254 1457 3457 1488 3488 718 2718 94 2094 916 2916 1927 3927 247 2247 1028 3028 1653 3653 1041 3041 1077 3077 1740 3740 867 2867 379 2379 1384 3384 978 2978 1056 3056 1533 3533 49 2049 297 2297 893 2893 1634 3634 1898 3898 413 2413 778 2778 1315 3315 911 2911 833 2833 1012 3012 1538 3538 280 2280 629 2629 89 2089 474 2474 1655 3655 1981 3981 1432 3432 526 2526 1089 3089 887 2887 641 2641 1178 3178 1103 3103 1373 3373 1647 3647 1366 3366 1943 3943 258 2258 1497 3497 1326 3326 622 2622 1237 3237 611 2611 1887 3887 1755 3755 1456 3456 1585 3585 1334 3334 689 2689 1541 3541 185 2185 1318 3318 1513 3513 1293 3293 1789 3789 894 2894 595 2595 847 2847 1204 3204 620 2620 344 2344 514 2514 1558 3558 608 2608 1763 3763 361 2361 39 2039 1324 3324 241 2241 777 2777 785 2785 1992 3992 1361 3361 761 2761 1167 3167 953 2953 926 2926 1836 3836 1848 3848 1998 3998 766 2766 1895 3895 1930 3930 667 2667 1073 3073 991 2991 1670 3670 1333 3333 1880 3880 1884 3884 318 2318 533 2533 73 2073 1124 3124 823 2823 1445 3445 1169 3169 943 2943 1575 3575 582 2582 1487 3487 92 2092 56 2056 969 2969 1274 3274 139 2139 1508 3508 1820 3820 244 2244 1260 3260 1823 3823 1649 3649 1978 3978 144 2144 634 2634 1075 3075 1388 3388 682 2682 881 2881 559 2559 817 2817 482 2482 245 2245 793 2793 1195 3195 594 2594 362 2362 195 2195 1159 3159 102 2102 743 2743 1411 3411 505 2505 1756 3756 1052 3052 1045 3045 1498 3498 932 2932 540 2540 1672 3672 1794 3794 334 2334 358 2358 1330 3330 956 2956 1141 3141 1412 3412 988 2988 303 2303 1174 3174 659 2659 700 2700 723 2723 865 2865 79 2079 443 2443 1393 3393 511 2511 424 2424 1196 3196 105 2105 1039 3039 706 2706 1238 3238 366 2366 678 2678 1229 3229 1928 3928 1471 3471 1870 3870 1566 3566 934 2934 628 2628 433 2433 686 2686 1323 3323 8 2008 1976 3976 1038 3038 1511 3511 1708 3708 1134 3134 763 2763 1557 3557 1463 3463 374 2374 1788 3788 262 2262 1678 3678 1874 3874 20 2020 1125 3125 492 2492 357 2357 331 2331 1507 3507 592 2592 940 2940 795 2795 1287 3287 381 2381 537 2537 1385 3385 1360 3360 1331 3331 1800 3800 149 2149 790 2790 119 2119 1135 3135 80 2080 1685 3685 980 2980 527 2527 1660 3660 661 2661 455 2455 1126 3126 525 2525 880 2880 1262 3262 1701 3701 1036 3036 1078 3078 530 2530 1123 3123 1970 3970 1597 3597 757 2757 1626 3626 410 2410 1064 3064 1239 3239 472 2472 610 2610 1146 3146 1252 3252 1428 3428 1690 3690 561 2561 408 2408 1046 3046 1269 3269 1743 3743 288 2288 649 2649 1198 3198 504 2504 395 2395 219 2219 1011 3011 935 2935 528 2528 1578 3578 637 2637 259 2259 1184 3184 1773 3773 46 2046 1496 3496 521 2521 1476 3476 1506 3506 655 2655 1973 3973 326 2326 40 2040 851 2851 677 2677 1325 3325 203 2203 1609 3609 1869 3869 1975 3975 638 2638 1114 3114 730 2730 1955 3955 1069 3069 1425 3425 547 2547 1934 3934 590 2590 1140 3140 1591 3591 772 2772 1960 3960 1675 3675 1401 3401 283 2283 534 2534 564 2564 1736 3736 996 2996 192 2192 330 2330 367 2367 1109 3109 1493 3493 1279 3279 635 2635 325 2325 688 2688 177 2177 148 2148 1154 3154 1219 3219 10 2010 779 2779 243 2243 958 2958 407 2407 838 2838 1314 3314 1053 3053 1711 3711 744 2744 1521 3521 1414 3414 77 2077 1394 3394 871 2871 970 2970 498 2498 233 2233 577 2577 721 2721 1296 3296 1916 3916 1499 3499 415 2415 1593 3593 151 2151 1569 3569 1242 3242 771 2771 668 2668 591 2591 232 2232 116 2116 1866 3866 1220 3220 518 2518 1847 3847 55 2055 254 2254 949 2949 146 2146 1413 3413 1170 3170 263 2263 825 2825 324 2324 1191 3191 389 2389 457 2457 550 2550 736 2736 302 2302 1118 3118 1715 3715 153 2153 1266 3266 1899 3899 1251 3251 9 2009 160 2160 562 2562 1519 3519 1881 3881 1104 3104 1644 3644 651 2651 307 2307 645 2645 1628 3628 1883 3883 1382 3382 898 2898 796 2796 36 2036 654 2654 1684 3684 143 2143 1583 3583 1987 3987 555 2555 1082 3082 885 2885 985 2985 1835 3835 1102 3102 572 2572 827 2827 1917 3917 1479 3479 493 2493 1320 3320 290 2290 1730 3730 1779 3779 52 2052 586 2586 1751 3751 1008 3008 1739 3739 1453 3453 1346 3346 96 2096 739 2739 1133 3133 1378 3378 1599 3599 1297 3297 1353 3353 135 2135 724 2724 1370 3370 1824 3824 1004 3004 1528 3528 576 2576 632 2632 930 2930 1630 3630 1294 3294 1459 3459 1588 3588 1931 3931 274 2274 346 2346 593 2593 19 2019 776 2776 471 2471 1076 3076 1831 3831 214 2214 1534 3534 1563 3563 26 2026 1922 3922 1275 3275 1979 3979 218 2218 1152 3152 1405 3405 1044 3044 568 2568 1208 3208 1607 3607 1163 3163 1951 3951 1068 3068 1758 3758 1443 3443 28 2028 1524 3524 1120 3120 1180 3180 715 2715 1387 3387 1037 3037 169 2169 1380 3380 788 2788 1097 3097 384 2384 65 2065 1322 3322 964 2964 1631 3631 1754 3754 1363 3363 1151 3151 1224 3224 364 2364 1834 3834 1523 3523 829 2829 1515 3515 1529 3529 928 2928 818 2818 1522 3522 802 2802 1026 3026 180 2180 300 2300 1663 3663 210 2210 295 2295 320 2320 1055 3055 1328 3328 1748 3748 1938 3938 1840 3840 1336 3336 1760 3760 754 2754 286 2286 948 2948 1936 3936 1577 3577 574 2574 1310 3310 2 2002 1639 3639 97 2097 597 2597 1086 3086 904 2904 48 2048 1723 3723 746 2746 267 2267 1332 3332 132 2132 1547 3547 4 2004 392 2392 319 2319 842 2842 1095 3095 446 2446 811 2811 920 2920 1677 3677 1702 3702 1246 3246 1183 3183 844 2844 1200 3200 1431 3431 1210 3210 360 2360 954 2954 1604 3604 1034 3034 687 2687 523 2523 1994 3994 1098 3098 989 2989 821 2821 1213 3213 1864 3864 769 2769 516 2516 1348 3348 1858 3858 999 2999 351 2351 762 2762 104 2104 1270 3270 603 2603 411 2411 1407 3407 201 2201 420 2420 872 2872 612 2612 1851 3851 198 2198 1212 3212 1568 3568 251 2251 6 2006 1268 3268 61 2061 1988 3988 1468 3468 34 2034 312 2312 350 2350 59 2059 874 2874 1256 3256 859 2859 578 2578 7 2007 583 2583 127 2127 857 2857 1795 3795 1777 3777 86 2086 200 2200 849 2849 1573 3573 1395 3395 72 2072 1691 3691 883 2883 1409 3409 1972 3972 281 2281 383 2383 401 2401 703 2703 1503 3503 1066 3066 1780 3780 1536 3536 565 2565 1778 3778 575 2575 832 2832 154 2154 1727 3727 800 2800 64 2064 1478 3478 816 2816 1939 3939 1900 3900 1112 3112 45 2045 1245 3245 69 2069 333 2333 114 2114 545 2545 51 2051 1006 3006 1525 3525 1402 3402 1774 3774 1014 3014 1535 3535 1532 3532 1131 3131 735 2735 1679 3679 1721 3721 1989 3989 1372 3372 1697 3697 164 2164 971 2971 803 2803 162 2162 1664 3664 1490 3490 1214 3214 95 2095 694 2694 1071 3071 1502 3502 43 2043 1351 3351 317 2317 544 2544 253 2253 809 2809 1784 3784 1024 3024 285 2285 1782 3782 1489 3489 221 2221 1601 3601 733 2733 909 2909 621 2621 1338 3338 336 2336 1218 3218 1462 3462 1080 3080 1716 3716 1096 3096 240 2240 701 2701 1158 3158 85 2085 1574 3574 549 2549 1150 3150 172 2172 252 2252 1186 3186 406 2406 397 2397 118 2118 1173 3173 922 2922 444 2444 1811 3811 1289 3289 708 2708 1392 3392 1671 3671 1610 3610 292 2292 1399 3399 1776 3776 323 2323 1620 3620 899 2899 1738 3738 824 2824 1857 3857 1364 3364 1944 3944 1893 3893 1165 3165 1193 3193 1618 3618 1088 3088 32 2032 1439 3439 1477 3477 448 2448 316 2316 1162 3162 1958 3958 199 2199 1552 3552 1550 3550 814 2814 1724 3724 584 2584 643 2643 895 2895 1121 3121 1695 3695 206 2206 363 2363 882 2882 704 2704 1227 3227 126 2126 1983 3983 1699 3699 475 2475 614 2614 1546 3546 1450 3450 1750 3750 691 2691 967 2967 1106 3106 908 2908 566 2566 403 2403 770 2770 1642 3642 1035 3035 1810 3810 1491 3491 438 2438 1632 3632 734 2734 158 2158 432 2432 866 2866 1265 3265 774 2774 1801 3801 112 2112 596 2596 1000 3000 520 2520 1427 3427 1907 3907 925 2925 359 2359 1540 3540 53 2053 310 2310 1130 3130 1605 3605 986 2986 1947 3947 1830 3830 352 2352 1058 3058 1421 3421 1860 3860 328 2328 886 2886 355 2355 692 2692 1969 3969 683 2683 1013 3013 1709 3709 1865 3865 1886 3886 83 2083 1560 3560 1101 3101 768 2768 1683 3683 1495 3495 931 2931 1581 3581 748 2748 1735 3735 1787 3787 1658 3658 1995 3995 1914 3914 131 2131 1863 3863 1967 3967 109 2109 1518 3518 599 2599 855 2855 1689 3689 1615 3615 1705 3705 1321 3321 456 2456 393 2393 291 2291 804 2804 1500 3500 1952 3952 1587 3587 551 2551 486 2486 1710 3710 1565 3565 663 2663 1312 3312 1379 3379 1253 3253 1434 3434 231 2231 496 2496 1483 3483 1142 3142 84 2084 1164 3164 660 2660 440 2440 1946 3946 1673 3673 1821 3821 491 2491 1923 3923 1194 3194 1806 3806 1703 3703 1217 3217 1725 3725 1230 3230 1369 3369 1890 3890 1580 3580 1481 3481 910 2910 1424 3424 1531 3531 175 2175 1248 3248 868 2868 1761 3761 63 2063 1403 3403 1667 3667 644 2644 1117 3117 557 2557 569 2569 296 2296 1473 3473 458 2458 972 2972 159 2159 1564 3564 1255 3255 197 2197 1915 3915 1085 3085 1971 3971 207 2207 264 2264 1554 3554 1396 3396 179 2179 356 2356 853 2853 1258 3258 1408 3408 1771 3771 639 2639 466 2466 1687 3687 1517 3517 773 2773 751 2751 938 2938 447 2447 787 2787 921 2921 722 2722 1308 3308 1128 3128 1888 3888 1974 3974 740 2740 1837 3837 618 2618 535 2535 1676 3676 1762 3762 1285 3285 1855 3855 1993 3993 340 2340 396 2396 1438 3438 1962 3962 15 2015 35 2035 1474 3474 402 2402 1442 3442 1882 3882 298 2298 227 2227 1241 3241 696 2696 1617 3617 1746 3746 1764 3764 759 2759 1211 3211 1937 3937 479 2479 1769 3769 560 2560 1447 3447 1817 3817 186 2186 1656 3656 1446 3446 1116 3116 984 2984 1798 3798 998 2998 184 2184 546 2546 670 2670 1084 3084 416 2416 100 2100 1172 3172 1202 3202 189 2189 368 2368 952 2952 1579 3579 1674 3674 454 2454 947 2947 165 2165 508 2508 1744 3744 1625 3625 1267 3267 856 2856 1680 3680 1344 3344 1375 3375 1161 3161 1692 3692 965 2965 843 2843 698 2698 1589 3589 1250 3250 1953 3953 2000 4000 543 2543 605 2605 753 2753 50 2050 627 2627 1306 3306 1002 3002 676 2676 275 2275 1042 3042 556 2556 67 2067 494 2494 1470 3470 1452 3452 725 2725 342 2342 1175 3175 21 2021 797 2797 1458 3458 1017 3017 1486 3486 981 2981 650 2650 602 2602 451 2451 589 2589 963 2963 1048 3048 848 2848 182 2182 1156 3156 1833 3833 714 2714 976 2976 224 2224 1818 3818 270 2270 1327 3327 90 2090 1484 3484 1281 3281 1298 3298 933 2933 409 2409 1561 3561 1313 3313 485 2485 877 2877 609 2609 435 2435 1891 3891 672 2672 1020 3020 1526 3526 1437 3437 524 2524 1854 3854 1980 3980 1054 3054 1841 3841 1594 3594 398 2398 382 2382 1516 3516 957 2957 1514 3514 414 2414 1693 3693 1815 3815 962 2962 1429 3429 1110 3110 1359 3359 1650 3650 376 2376 390 2390 235 2235 1430 3430 1107 3107 1201 3201 567 2567 884 2884 1368 3368 71 2071 174 2174 273 2273 478 2478 484 2484 1807 3807 1828 3828 1553 3553 1926 3926 941 2941 1226 3226 741 2741 1862 3862 1641 3641 1668 3668 1920 3920 1897 3897 1043 3043 1433 3433 1376 3376 1819 3819 1991 3991 404 2404 1726 3726 512 2512 1083 3083 1968 3968 755 2755 1512 3512 1843 3843 656 2656 487 2487 321 2321 1504 3504 348 2348 1271 3271 913 2913 1732 3732 18 2018 268 2268 1436 3436 13 2013 1371 3371 1797 3797 1879 3879 1494 3494 697 2697 1999 3999 380 2380 625 2625 836 2836 860 2860 1283 3283 178 2178 1235 3235 314 2314 517 2517 1766 3766 1145 3145 531 2531 1423 3423 230 2230 1950 3950 749 2749 3 2003 1556 3556 439 2439 681 2681 834 2834 758 2758 1273 3273 385 2385 1137 3137 353 2353 652 2652 122 2122 1426 3426 1282 3282 1902 3902 173 2173 647 2647 1757 3757 1954 3954 1964 3964 699 2699 246 2246 1638 3638 1362 3362 1448 3448 1286 3286 1094 3094 806 2806 463 2463 1199 3199 1933 3933 1706 3706 31 2031 1567 3567 756 2756 299 2299 1906 3906 510 2510 1590 3590 1299 3299 476 2476 764 2764 1825 3825 826 2826 1215 3215 960 2960 1033 3033 369 2369 437 2437 1350 3350 138 2138 1966 3966 1365 3365 854 2854 305 2305 626 2626 1386 3386 1472 3472 209 2209 975 2975 1340 3340 1063 3063 1113 3113 1859 3859 642 2642 388 2388 1228 3228 1619 3619 1718 3718 278 2278 1149 3149 1913 3913 1018 3018 313 2313 417 2417 425 2425 453 2453 163 2163 483 2483 783 2783 1240 3240 1049 3049 891 2891 387 2387 181 2181 220 2220 580 2580 1356 3356 1606 3606 137 2137 1941 3941 673 2673 1147 3147 1205 3205 465 2465 1963 3963 1060 3060 284 2284 810 2810 276 2276 1467 3467 467 2467 1231 3231 1543 3543 93 2093 1982 3982







































