instance61_nreq500_nveh10_gamma430
488 988 434 934 127 627 266 766 131 631 208 708 90 590 473 973 337 837 310 810 449 949 327 827 123 623 464 964 369 869 155 655 199 699 223 723 98 598 211 711 314 814 30 530 490 990 436 936 349 849 452 952 370 870 117 617 332 832 400 900 460 960 479 979 375 875 420 920 260 760 399 899 360 860 371 871 407 907 431 931 424 924 329 829 246 746 193 693 350 850 171 671 92 592 261 761 251 751 53 553 323 823 85 585 348 848 37 537 164 664 63 563 269 769 175 675 188 688 162 662 141 641 39 539 255 755 392 892 500 1000 466 966 218 718 122 622 429 929 108 608 57 557 189 689 309 809 119 619 367 867 228 728 50 550 80 580 150 650 48 548 249 749 441 941 26 526 379 879 33 533 491 991 475 975 432 932 430 930 25 525 489 989 426 926 154 654 93 593 126 626 200 700 398 898 446 946 354 854 437 937 214 714 287 787 440 940 62 562 341 841 433 933 316 816 124 624 319 819 299 799 463 963 88 588 66 566 498 998 203 703 419 919 258 758 482 982 104 604 385 885 294 794 151 651 215 715 125 625 368 868 415 915 427 927 64 564 256 756 396 896 277 777 132 632 161 661 288 788 262 762 120 620 81 581 308 808 233 733 156 656 157 657 9 509 21 521 167 667 345 845 344 844 459 959 458 958 146 646 113 613 321 821 79 579 410 910 198 698 2 502 221 721 483 983 232 732 70 570 36 536 283 783 358 858 296 796 387 887 334 834 206 706 28 528 291 791 471 971 274 774 302 802 234 734 372 872 366 866 95 595 213 713 89 589 82 582 259 759 49 549 394 894 282 782 428 928 112 612 99 599 403 903 207 707 106 606 478 978 405 905 47 547 447 947 136 636 105 605 180 680 389 889 336 836 445 945 191 691 130 630 290 790 60 560 169 669 196 696 317 817 8 508 461 961 41 541 46 546 187 687 61 561 147 647 229 729 297 797 313 813 324 824 390 890 481 981 476 976 101 601 217 717 163 663 454 954 201 701 386 886 450 950 485 985 22 522 34 534 148 648 363 863 209 709 331 831 338 838 11 511 91 591 486 986 86 586 393 893 391 891 158 658 182 682 192 692 183 683 116 616 140 640 56 556 59 559 416 916 190 690 443 943 423 923 115 615 378 878 38 538 362 862 236 736 27 527 406 906 264 764 77 577 340 840 263 763 409 909 402 902 133 633 35 535 143 643 3 503 342 842 311 811 347 847 380 880 134 634 45 545 298 798 326 826 499 999 270 770 18 518 361 861 170 670 24 524 388 888 293 793 278 778 4 504 159 659 281 781 286 786 139 639 448 948 333 833 186 686 474 974 216 716 413 913 205 705 356 856 51 551 202 702 421 921 103 603 250 750 31 531 242 742 462 962 83 583 241 741 166 666 32 532 397 897 346 846 365 865 469 969 212 712 219 719 468 968 493 993 78 578 67 567 109 609 301 801 384 884 439 939 185 685 395 895 16 516 44 544 168 668 374 874 15 515 247 747 330 830 102 602 382 882 457 957 129 629 339 839 353 853 442 942 265 765 343 843 5 505 195 695 58 558 414 914 373 873 23 523 19 519 160 660 253 753 144 644 75 575 303 803 401 901 359 859 7 507 376 876 411 911 181 681 128 628 240 740 364 864 417 917 320 820 412 912 444 944 172 672 456 956 173 673 472 972 306 806 210 710 176 676 304 804 184 684 245 745 177 677 425 925 318 818 14 514 289 789 42 542 142 642 383 883 497 997 165 665 244 744 484 984 87 587 145 645 252 752 194 694 54 554 257 757 121 621 153 653 495 995 418 918 315 815 280 780 43 543 220 720 467 967 494 994 40 540 179 679 335 835 279 779 312 812 271 771 96 596 68 568 222 722 226 726 107 607 149 649 275 775 325 825 267 767 496 996 254 754 20 520 492 992 137 637 10 510 6 506 230 730 248 748









