instance61_nreq1000_nveh20_gamma879
501 1501 4 1004 511 1511 611 1611 230 1230 27 1027 747 1747 949 1949 706 1706 585 1585 533 1533 54 1054 653 1653 46 1046 720 1720 660 1660 464 1464 616 1616 959 1959 484 1484 291 1291 757 1757 229 1229 183 1183 523 1523 103 1103 742 1742 792 1792 953 1953 961 1961 540 1540 527 1527 661 1661 407 1407 341 1341 23 1023 289 1289 770 1770 951 1951 371 1371 789 1789 146 1146 332 1332 316 1316 164 1164 177 1177 875 1875 329 1329 996 1996 430 1430 603 1603 491 1491 729 1729 94 1094 33 1033 288 1288 155 1155 547 1547 814 1814 91 1091 241 1241 855 1855 915 1915 444 1444 393 1393 466 1466 270 1270 718 1718 552 1552 62 1062 808 1808 702 1702 506 1506 642 1642 384 1384 743 1743 364 1364 863 1863 141 1141 216 1216 781 1781 196 1196 670 1670 741 1741 187 1187 906 1906 223 1223 425 1425 966 1966 525 1525 610 1610 339 1339 39 1039 627 1627 790 1790 9 1009 594 1594 88 1088 753 1753 751 1751 752 1752 578 1578 870 1870 626 1626 867 1867 308 1308 370 1370 98 1098 736 1736 604 1604 47 1047 127 1127 360 1360 433 1433 310 1310 889 1889 304 1304 600 1600 738 1738 635 1635 563 1563 717 1717 140 1140 788 1788 778 1778 864 1864 176 1176 571 1571 72 1072 530 1530 551 1551 734 1734 278 1278 657 1657 244 1244 92 1092 337 1337 852 1852 202 1202 648 1648 297 1297 327 1327 29 1029 409 1409 186 1186 367 1367 541 1541 100 1100 450 1450 532 1532 267 1267 462 1462 703 1703 452 1452 839 1839 325 1325 840 1840 312 1312 927 1927 564 1564 428 1428 809 1809 587 1587 30 1030 330 1330 184 1184 601 1601 261 1261 284 1284 633 1633 884 1884 108 1108 70 1070 853 1853 211 1211 536 1536 619 1619 514 1514 139 1139 644 1644 759 1759 193 1193 246 1246 385 1385 375 1375 711 1711 917 1917 724 1724 252 1252 925 1925 938 1938 911 1911 117 1117 180 1180 750 1750 967 1967 331 1331 311 1311 350 1350 445 1445 287 1287 85 1085 761 1761 946 1946 220 1220 126 1126 763 1763 686 1686 5 1005 692 1692 829 1829 762 1762 688 1688 862 1862 726 1726 830 1830 471 1471 668 1668 696 1696 858 1858 908 1908 972 1972 813 1813 475 1475 90 1090 796 1796 678 1678 119 1119 667 1667 277 1277 28 1028 995 1995 488 1488 805 1805 802 1802 442 1442 754 1754 969 1969 67 1067 608 1608 497 1497 130 1130 354 1354 151 1151 302 1302 472 1472 234 1234 766 1766 572 1572 283 1283 680 1680 859 1859 125 1125 486 1486 335 1335 470 1470 388 1388 569 1569 622 1622 48 1048 518 1518 612 1612 508 1508 817 1817 666 1666 449 1449 929 1929 877 1877 984 1984 623 1623 992 1992 878 1878 933 1933 152 1152 617 1617 654 1654 548 1548 260 1260 846 1846 107 1107 36 1036 562 1562 403 1403 573 1573 386 1386 885 1885 282 1282 153 1153 161 1161 41 1041 132 1132 909 1909 434 1434 80 1080 426 1426 727 1727 309 1309 276 1276 649 1649 144 1144 630 1630 416 1416 834 1834 871 1871 534 1534 993 1993 37 1037 303 1303 26 1026 549 1549 831 1831 903 1903 86 1086 973 1973 243 1243 190 1190 253 1253 558 1558 597 1597 440 1440 239 1239 346 1346 979 1979 537 1537 559 1559 347 1347 427 1427 170 1170 265 1265 251 1251 345 1345 22 1022 493 1493 344 1344 828 1828 351 1351 149 1149 815 1815 175 1175 8 1008 188 1188 269 1269 505 1505 510 1510 931 1931 956 1956 664 1664 89 1089 713 1713 662 1662 976 1976 658 1658 315 1315 77 1077 69 1069 550 1550 233 1233 677 1677 105 1105 113 1113 794 1794 735 1735 746 1746 213 1213 408 1408 880 1880 739 1739 934 1934 368 1368 733 1733 194 1194 960 1960 263 1263 731 1731 63 1063 542 1542 338 1338 167 1167 827 1827 401 1401 204 1204 35 1035 73 1073 423 1423 61 1061 298 1298 104 1104 285 1285 490 1490 894 1894 935 1935 561 1561 650 1650 990 1990 55 1055 203 1203 529 1529 651 1651 793 1793 538 1538 248 1248 856 1856 822 1822 398 1398 588 1588 415 1415 460 1460 299 1299 121 1121 64 1064 355 1355 801 1801 50 1050 57 1057 489 1489 837 1837 250 1250 372 1372 160 1160 922 1922 699 1699 56 1056 225 1225 44 1044 456 1456 985 1985 3 1003 888 1888 939 1939 42 1042 901 1901 281 1281 242 1242 83 1083 709 1709 624 1624 745 1745 632 1632 206 1206 712 1712 208 1208 406 1406 254 1254 435 1435 268 1268 803 1803 914 1914 156 1156 618 1618 379 1379 109 1109 99 1099 436 1436 321 1321 396 1396 843 1843 991 1991 723 1723 881 1881 799 1799 95 1095 106 1106 932 1932 981 1981 483 1483 389 1389 147 1147 950 1950 669 1669 755 1755 519 1519 457 1457 918 1918 365 1365 414 1414 168 1168 380 1380 989 1989 868 1868 163 1163 342 1342 999 1999 116 1116 15 1015 134 1134 697 1697 716 1716 306 1306 324 1324 942 1942 43 1043 998 1998 904 1904 128 1128 135 1135 584 1584 293 1293 811 1811 198 1198 687 1687 66 1066 463 1463 447 1447 916 1916 737 1737 255 1255 271 1271 410 1410 237 1237 439 1439 816 1816 185 1185 328 1328 715 1715 451 1451 832 1832 468 1468 887 1887 528 1528 349 1349 45 1045 531 1531 124 1124 771 1771 586 1586 968 1968 429 1429 32 1032 49 1049 419 1419 784 1784 730 1730 639 1639 896 1896 111 1111 544 1544 482 1482 607 1607 120 1120 131 1131 681 1681 628 1628 905 1905 7 1007 539 1539 323 1323 390 1390 581 1581 679 1679 20 1020 693 1693 326 1326 258 1258 947 1947 249 1249 6 1006 236 1236 454 1454 192 1192 391 1391 821 1821 970 1970 313 1313 87 1087 923 1923 592 1592 405 1405 467 1467 861 1861 883 1883 319 1319 422 1422 652 1652 941 1941 138 1138 340 1340 478 1478 568 1568 772 1772 474 1474 546 1546 123 1123 769 1769 895 1895 779 1779 273 1273 348 1348 374 1374 526 1526 58 1058 387 1387 200 1200 82 1082 240 1240 940 1940 136 1136 300 1300 714 1714 1 1001 675 1675 424 1424 169 1169 280 1280 774 1774 318 1318 963 1963 479 1479 945 1945 465 1465 507 1507 1000 2000 320 1320 695 1695 207 1207 791 1791 824 1824 838 1838 418 1418 522 1522 920 1920 825 1825 962 1962 924 1924 227 1227 826 1826 361 1361 145 1145 844 1844 685 1685 987 1987 51 1051 566 1566 453 1453 133 1133 659 1659 890 1890 228 1228 441 1441 201 1201 458 1458 722 1722 118 1118 955 1955 274 1274 656 1656 672 1672 515 1515 795 1795 404 1404 663 1663 294 1294 495 1495 394 1394 455 1455 159 1159 512 1512 179 1179 448 1448 17 1017 218 1218 823 1823 882 1882 166 1166 842 1842 513 1513 614 1614 296 1296 382 1382 226 1226 259 1259 395 1395 579 1579 363 1363 732 1732 171 1171 988 1988 928 1928 290 1290 777 1777 469 1469 178 1178 13 1013 437 1437 212 1212 19 1019 986 1986 492 1492 399 1399 12 1012 162 1162 975 1975 631 1631 997 1997 879 1879 137 1137 11 1011 570 1570 782 1782 833 1833 764 1764 81 1081 804 1804 891 1891 322 1322 954 1954 295 1295 756 1756 783 1783 75 1075 157 1157 810 1810 79 1079 786 1786 898 1898 994 1994 18 1018 980 1980 583 1583 14 1014 535 1535 930 1930 655 1655 580 1580 775 1775 182 1182 707 1707 902 1902 749 1749 496 1496 912 1912 682 1682 286 1286 625 1625 876 1876 634 1634 740 1740 957 1957 231 1231 835 1835 517 1517 31 1031 744 1744 232 1232 480 1480 154 1154 165 1165 958 1958 807 1807 224 1224 937 1937 857 1857 520 1520 334 1334 818 1818 53 1053 684 1684 673 1673 148 1148 97 1097 307 1307 500 1500 907 1907 333 1333 336 1336 596 1596 636 1636 420 1420 637 1637 606 1606 577 1577 812 1812 590 1590 504 1504 417 1417 595 1595 413 1413 554 1554 847 1847 498 1498 60 1060 10 1010 591 1591 621 1621 509 1509 71 1071 59 1059 181 1181 952 1952 275 1275 461 1461 806 1806 936 1936 545 1545 219 1219 353 1353 560 1560 615 1615 553 1553 485 1485 215 1215 758 1758 247 1247 199 1199 16 1016 965 1965 477 1477 800 1800 499 1499 373 1373 836 1836 412 1412 503 1503 301 1301 613 1613 362 1362 257 1257 698 1698 68 1068 343 1343 40 1040 886 1886 317 1317 543 1543 629 1629 780 1780 645 1645 971 1971 524 1524 643 1643 376 1376 78 1078 173 1173 352 1352 593 1593 602 1602 74 1074 638 1638 869 1869 96 1096 217 1217 421 1421 431 1431 191 1191 459 1459 129 1129 222 1222 264 1264 671 1671 820 1820 209 1209 245 1245 773 1773 978 1978 446 1446 689 1689 892 1892 205 1205 728 1728 598 1598 874 1874 899 1899 704 1704 665 1665 358 1358 555 1555 481 1481 943 1943 266 1266 926 1926 142 1142 647 1647 921 1921 893 1893 359 1359 565 1565 521 1521 919 1919 690 1690 357 1357



















