instance61_nreq2000_nveh40_gamma1829
211 2211 870 2870 1633 3633 1155 3155 108 2108 737 2737 332 2332 879 2879 1090 3090 532 2532 1040 3040 1374 3374 1354 3354 1016 3016 813 2813 14 2014 646 2646 1148 3148 1143 3143 1595 3595 449 2449 500 2500 204 2204 80 2080 880 2880 1036 3036 757 2757 1496 3496 521 2521 1325 3325 1114 3114 1955 3955 1425 3425 10 2010 1053 3053 1521 3521 1118 3118 153 2153 36 2036 1684 3684 827 2827 1370 3370 118 2118 602 2602 1833 3833 224 2224 1484 3484 398 2398 1110 3110 1107 3107 1043 3043 1590 3590 975 2975 1356 3356
876 2876 1185 3185 905 2905 120 2120 82 2082 30 2030 431 2431 269 2269 863 2863 1510 3510 815 2815 558 2558 538 2538 282 2282 113 2113 712 2712 156 2156 562 2562 1519 3519 898 2898 1082 3082 739 2739 1824 3824 346 2346 19 2019 568 2568 1524 3524 1224 3224 1348 3348 1468 3468 59 2059 1972 3972 397 2397 1776 3776 323 2323 1857 3857 1546 3546 967 2967 83 2083 1101 3101 393 2393 546 2546 454 2454 1589 3589 1042 3042 67 2067 1281 3281 1980 3980 1650 3650 390 2390 1807 3807 1504 3504 1273 3273 510 2510 1299 3299 854 2854 388 2388 1049 3049
1985 3985 1613 3613 852 2852 1621 3621 1602 3602 1501 3501 801 2801 1616 3616 1935 3935 888 2888 66 2066 459 2459 675 2675 1747 3747 1132 3132 717 2717 217 2217 873 2873 1309 3309 461 2461 542 2542 1793 3793 641 2641 1836 3836 659 2659 1238 3238 1323 3323 1511 3511 795 2795 119 2119 527 2527 28 2028 1328 3328 1748 3748 1938 3938 1677 3677 1210 3210 516 2516 800 2800 1900 3900 45 2045 809 2809 1784 3784 1782 3782 1716 3716 1699 3699 614 2614 158 2158 596 2596 520 2520 53 2053 1253 3253 660 2660 440 2440 197 2197 1258 3258 1128 3128 696 2696 759 2759 848 2848 314 2314 1137 3137 1567 3567 299 2299 138 2138 1386 3386
942 2942 1257 3257 805 2805 616 2616 1600 3600 961 2961 581 2581 488 2488 430 2430 155 2155 1188 3188 738 2738 1192 3192 373 2373 1876 3876 205 2205 912 2912 1056 3056 1848 3848 943 2943 1487 3487 1508 3508 559 2559 723 2723 1834 3834 904 2904 319 2319 64 2064 1131 3131 971 2971 1351 3351 814 2814 1724 3724 363 2363 704 2704 1227 3227 1810 3810 734 2734 1427 3427 925 2925 1540 3540 1689 3689 1615 3615 291 2291 663 2663 1890 3890 1667 3667 447 2447 1888 3888 1676 3676 1817 3817 1375 3375 1161 3161 843 2843 1298 3298 1429 3429 1668 3668 1083 3083 1271 3271 913 2913 1448 3448
1031 3031 1603 3603 875 2875 889 2889 208 2208 1681 3681 1942 3942 75 2075 1940 3940 1254 3254 1012 3012 1943 3943 1887 3887 1513 3513 241 2241 766 2766 1333 3333 443 2443 511 2511 1229 3229 374 2374 381 2381 1660 3660 561 2561 46 2046 730 2730 1934 3934 1279 3279 177 2177 871 2871 651 2651 1628 3628 1599 3599 135 2135 1630 3630 776 2776 471 2471 364 2364 818 2818 1095 3095 1034 3034 1864 3864 85 2085 292 2292 1944 3944 1907 3907 1830 3830 1142 3142 1946 3946 1424 3424
150 2150 1520 3520 223 2223 1873 3873 412 2412 1081 3081 1454 3454 1032 3032 81 2081 666 2666 624 2624 1894 3894 304 2304 726 2726 1653 3653 629 2629 1038 3038 1557 3557 1463 3463 20 2020 1800 3800 970 2970 1569 3569 307 2307 555 2555 572 2572 1779 3779 1751 3751 1346 3346 1378 3378 295 2295 1936 3936 1310 3310 597 2597 1183 3183 523 2523 104 2104 612 2612 1503 3503 1774 3774 402 2402 479 2479 1084 3084 368 2368 1744 3744 2000 4000 50 2050 1470 3470 725 2725 1327 3327 1054 3054 1594 3594 321 2321 1797 3797 1494 3494 476 2476 1147 3147 465 2465
1852 3852 271 2271 901 2901 1878 3878 828 2828 23 2023 1391 3391 142 2142 1636 3636 1765 3765 606 2606 579 2579 973 2973 669 2669 1041 3041 894 2894 1558 3558 361 2361 73 2073 582 2582 56 2056 139 2139 505 2505 358 2358 424 2424 678 2678
1047 3047 469 2469 370 2370 789 2789 1737 3737 1288 3288 1079 3079 1465 3465 215 2215 1065 3065 519 2519 1786 3786 1731 3731 1122 3122 62 2062 1225 3225 1190 3190 1871 3871 293 2293 1329 3329 234 2234 653 2653 1293 3293 514 2514 1167 3167 1471 3471 472 2472 288 2288 1578 3578 259 2259 1140 3140 1534 3534 1563 3563 1208 3208 1322 3322 1760 3760 574 2574 1086 3086 844 2844 1098 3098 401 2401 114 2114 1372 3372 803 2803 544 2544 1165 3165 1088 3088 199 2199 1550 3550 359 2359 683 2683 1771 3771 1241 3241 1656 3656 416 2416 1674 3674 1452 3452 981 2981 1231 3231
1856 3856 955 2955 780 2780 1875 3875 1669 3669 781 2781 277 2277 1812 3812 187 2187 619 2619 1838 3838 573 2573 255 2255 959 2959 1057 3057 507 2507 927 2927 1930 3930 1073 3073 823 2823 1445 3445 1159 3159 1756 3756 956 2956 303 2303 706 2706 1976 3976 1788 3788 1262 3262 1690 3690 590 2590 1711 3711 415 2415 1715 3715 143 2143
1440 3440 308 2308 1905 3905 835 2835 1829 3829 497 2497 1181 3181 423 2423 123 2123 1548 3548 878 2878 501 2501 1187 3187 349 2349 1808 3808 1317 3317 711 2711 1927 3927 1077 3077 1898 3898 689 2689 244 2244 482 2482 932 2932 366 2366 1708 3708 1198 3198 192 2192 1314 3314 1866 3866 160 2160 1644 3644 885 2885 1453 3453 1004 3004 1528 3528 632 2632 26 2026 964 2964 1363 3363 1151 3151 1577 3577 201 2201 420 2420 578 2578 883 2883 565 2565 1821 3821 1806 3806 175 2175 965 2965 933 2933 672 2672 1854 3854 478 2478 741 2741 18 2018 1999 3999 380 2380 1423 3423 749 2749 353 2353 1472 3472
1027 3027 147 2147 152 2152 1903 3903 571 2571 1179 3179 1418 3418 1665 3665 1612 3612 794 2794 680 2680 977 2977 950 2950 1272 3272 867 2867 1373 3373 1324 3324 969 2969 1274 3274 1075 3075 1794 3794
1292 3292 1643 3643 1867 3867 536 2536 1984 3984 992 2992 33 2033 1544 3544 1416 3416 442 2442 1912 3912 720 2720 377 2377 418 2418 1072 3072 1316 3316 1157 3157 861 2861 379 2379 1647 3647 1998 3998 682 2682 1126 3126 1239 3239 504 2504 528 2528 290 2290 586 2586 1739 3739 218 2218 1044 3044 1037 3037 928 2928 1200 3200 874 2874 583 2583 1245 3245 1989 3989 1462 3462 240 2240 316 2316 1162 3162 1121 3121 1450 3450 310 2310 1709 3709 1683 3683 1581 3581 131 2131 5 2005 491 2491 1194 3194 1481 3481 63 2063 1211 3211 984 2984 100 2100 753 2753 21 2021 182 2182 90 2090 409 2409 877 2877 524 2524 376 2376 531 2531 1556 3556 681 2681 122 2122 1350 3350 1018 3018 453 2453 580 2580
1005 3005 548 2548 1826 3826 1772 3772 1449 3449 615 2615 103 2103 1885 3885 129 2129 1959 3959 1770 3770 1404 3404 1753 3753 1263 3263 1335 3335 617 2617 481 2481 679 2679 318 2318 1388 3388 1411 3411 1663 3663 320 2320 1336 3336 360 2360 1407 3407 703 2703 816 2816 1502 3502 1574 3574 172 2172 708 2708 691 2691 1106 3106 403 2403 1130 3130 109 2109 1379 3379 231 2231 296 2296 1085 3085 1687 3687 1517 3517 560 2560 189 2189 698 2698 1156 3156 1437 3437 1815 3815 1726 3726 437 2437 1365 3365 1340 3340 1718 3718 483 2483 891 2891 137 2137 810 2810
1243 3243 335 2335 1853 3853 1611 3611 1295 3295 1814 3814 1659 3659 1635 3635 1530 3530 1624 3624 839 2839 107 2107 57 2057 1182 3182 1622 3622 315 2315 1023 3023 1206 3206 600 2600 1713 3713 1978 3978 1052 3052 1498 3498 334 2334 330 2330 1593 3593 1220 3220 1847 3847 1951 3951 180 2180 1055 3055 1702 3702 351 2351 127 2127 281 2281 1066 3066 832 2832 154 2154 333 2333 1525 3525 1402 3402 1664 3664 221 2221 1620 3620 1477 3477 1421 3421 1952 3952 1434 3434 1255 3255 1017 3017 589 2589 1526 3526 1862 3862 1991 3991 512 2512 31 2031 642 2642 313 2313
1419 3419 464 2464 1303 3303 1790 3790 1759 3759 1280 3280 341 2341 125 2125 183 2183 752 2752 1584 3584 311 2311 1420 3420 1444 3444 937 2937 1455 3455 1785 3785 1827 3827 1302 3302 1996 3996 1326 3326 1456 3456 1124 3124 721 2721 1170 3170 1459 3459 1588 3588 1931 3931 1097 3097 1639 3639 97 2097 842 2842 1851 3851 1988 3988 34 2034 857 2857
864 2864 1598 3598 1918 3918 979 2979 1661 3661 951 2951 133 2133 194 2194 468 2468 309 2309 1051 3051 54 2054 242 2242 929 2929 171 2171 1571 3571 1417 3417 1244 3244 916 2916 1755 3755 344 2344 1141 3141 1196 3196 934 2934 1874 3874 1331 3331 661 2661 649 2649 395 2395 1869 3869 1736 3736 996 2996 1219 3219 1394 3394 736 2736 1987 3987 1917 3917 1723 3723 446 2446 687 2687 999 2999 1270 3270 6 2006 1691 3691 1478 3478 1112 3112 1532 3532 162 2162 1289 3289 1399 3399 986 2986 1710 3710 1554 3554 535 2535 1769 3769 165 2165 1430 3430 484 2484 1766 3766 1950 3950 385 2385 699 2699 1033 3033 1606 3606 1941 3941
1749 3749 1877 3877 1929 3929 1345 3345 419 2419 693 2693 1100 3100 140 2140 869 2869 1222 3222 598 2598 1657 3657 1849 3849 1290 3290 422 2422 1059 3059 1358 3358 718 2718 978 2978 258 2258 1169 3169 1011 3011 1401 3401 367 2367 1493 3493 838 2838 457 2457 169 2169 1380 3380 210 2210 754 2754 286 2286 267 2267 411 2411 1212 3212 1568 3568 1268 3268 1256 3256 1795 3795 253 2253 1193 3193 1618 3618 1642 3642 1518 3518 456 2456 1312 3312 496 2496 1531 3531 557 2557 340 2340 15 2015 1617 3617 186 2186 1818 3818 567 2567 1828 3828 1376 3376 1968 3968 1436 3436 230 2230 758 2758 806 2806 1966 3966 626 2626 1859 3859 1619 3619 1913 3913 673 2673 1963 3963
1138 3138 1719 3719 1707 3707 394 2394 1291 3291 782 2782 1559 3559 850 2850 1729 3729 1025 3025 70 2070 924 2924 1209 3209 1022 3022 702 2702 728 2728 1139 3139 893 2893 1432 3432 1089 3089 611 2611 1541 3541 620 2620 1763 3763 1992 3992 1884 3884 1780 3780 1536 3536 1939 3939 545 2545 1186 3186 406 2406 584 2584 895 2895 438 2438 1632 3632 774 2774 1801 3801 1000 3000 355 2355 1969 3969 1658 3658 1914 3914 84 2084
917 2917 587 2587 745 2745 552 2552 808 2808 213 2213 1686 3686 1846 3846 1261 3261 460 2460 1783 3783 134 2134 1166 3166 12 2012 306 2306 554 2554 399 2399 1355 3355 709 2709 1688 3688 470 2470 338 2338 1586 3586 1740 3740 1981 3981 245 2245 594 2594 195 2195 988 2988 1134 3134 331 2331 980 2980 1970 3970 408 2408 274 2274 1979 3979 811 2811 1994 3994 7 2007 200 2200 164 2164 1490 3490 95 2095 1150 3150 448 2448 1552 3552 1491 3491 112 2112 328 2328 886 2886 855 2855 1321 3321 1164 3164 1248 3248 605 2605 556 2556 976 2976 960 2960
742 2742 386 2386 995 2995 623 2623 1704 3704 1965 3965 846 2846 216 2216 1003 3003 1645 3645 539 2539 974 2974 1062 3062 1360 3360 149 2149 1135 3135 530 2530 1146 3146 935 2935 1773 3773 677 2677 635 2635 77 2077 254 2254 324 2324 1191 3191 302 2302 1104 3104 796 2796 1835 3835 1353 3353 1076 3076 384 2384 392 2392 61 2061 859 2859 86 2086 1778 3778 51 2051 694 2694 1024 3024 1338 3338 1811 3811 32 2032 1695 3695
327 2327 914 2914 1791 3791 604 2604 1714 3714 261 2261 1337 3337 405 2405 426 2426 946 2946 915 2915 1300 3300 1153 3153 911 2911 89 2089 1334 3334 185 2185 608 2608 564 2564 325 2325 148 2148 389 2389 1831 3831 65 2065 1754 3754
936 2936 1010 3010 1509 3509 529 2529 1850 3850 1301 3301 78 2078 1662 3662 1464 3464 1304 3304 1410 3410 272 2272 1752 3752 136 2136
1070 3070 760 2760 1461 3461 1872 3872 1816 3816 257 2257 1232 3232 792 2792 841 2841 337 2337 428 2428 1842 3842 280 2280 622 2622 1318 3318 39 2039 817 2817 1195 3195 79 2079 592 2592 1685 3685 525 2525 779 2779 744 2744 1414 3414 146 2146 1251 3251 576 2576 930 2930 1068 3068 715 2715 1631 3631 1523 3523 1679 3679 1080 3080 352 2352 486 2486 1703 3703 1971 3971 938 2938 740 2740 1438 3438 35 2035 1202 3202 947 2947 1680 3680 1002 3002 714 2714 235 2235 941 2941 755 2755 1512 3512 1843 3843 178 2178 305 2305 220 2220
434 2434 1485 3485 196 2196 919 2919 1722 3722 42 2042 44 2044 188 2188 450 2450 427 2427 563 2563 1570 3570 1712 3712 452 2452 1129 3129 130 2130 22 2022 1384 3384 1533 3533 297 2297 1538 3538 1103 3103 1237 3237 595 2595 1670 3670 1045 3045 1507 3507 940 2940 410 2410 610 2610 1973 3973 203 2203 772 2772 1413 3413 550 2550 1922 3922 1275 3275 1758 3758 788 2788 829 2829 1026 3026 948 2948 48 2048 1332 3332 762 2762 251 2251 1738 3738 1958 3958 475 2475 566 2566 866 2866 1265 3265 1886 3886 1673 3673 1217 3217 1725 3725 159 2159 921 2921 722 2722 1474 3474 1937 3937 275 2275 435 2435 1201 3201 1926 3926 1825 3825
968 2968 1177 3177 601 2601 345 2345 636 2636 1861 3861 907 2907 1527 3527 1311 3311 837 2837 490 2490 1629 3629 707 2707 1921 3921 294 2294 1925 3925 1307 3307 1901 3901 667 2667 1880 3880 634 2634 1330 3330 1039 3039 1870 3870 8 2008 537 2537 1385 3385 455 2455 1123 3123 1046 3046 1269 3269 1743 3743 1184 3184 1476 3476 851 2851 1609 3609 638 2638 985 2985 1102 3102 1479 3479 1320 3320 1133 3133 724 2724 1721 3721 1071 3071 733 2733 621 2621 1158 3158 252 2252 1173 3173 444 2444 899 2899 882 2882 908 2908 1560 3560 1230 3230 1117 3117 1473 3473 179 2179 773 2773 751 2751 1308 3308 618 2618 1285 3285 1855 3855 1344 3344 627 2627 342 2342 382 2382 656 2656 756 2756 467 2467
1623 3623 1822 3822 128 2128 1640 3640 462 2462 840 2840 98 2098 982 2982 141 2141 489 2489 987 2987 1247 3247 664 2664 239 2239 47 2047 1460 3460 643 2643 126 2126 1035 3035 432 2432 692 2692 1865 3865 804 2804 1761 3761 644 2644 972 2972 1116 3116 1625 3625 856 2856 1692 3692 1306 3306 650 2650 270 2270 1313 3313 3 2003 957 2957 1693 3693 1920 3920 1897 3897 1371 3371 697 2697 1283 3283 1235 3235 652 2652 1199 3199 417 2417 181 2181 1467 3467 93 2093
1717 3717 495 2495 1892 3892 902 2902 522 2522 1986 3986 799 2799 1997 3997 101 2101 1742 3742 1207 3207 429 2429 1924 3924 1700 3700 229 2229 1189 3189 513 2513 1488 3488 1260 3260 1649 3649 144 2144 105 2105 1928 3928 262 2262 1506 3506 40 2040 283 2283 958 2958 825 2825 654 2654 593 2593 1120 3120 802 2802 954 2954 1604 3604 1395 3395 1727 3727 1014 3014 43 2043 317 2317 1489 3489 1218 3218 701 2701 1364 3364 1893 3893 1947 3947 1058 3058 1860 3860
858 2858 1654 3654 124 2124 445 2445 648 2648 1127 3127 1919 3919 222 2222 1319 3319 1367 3367 1119 3119 1549 3549 88 2088 731 2731 413 2413 833 2833 474 2474 1178 3178 777 2777 953 2953 1575 3575 540 2540 1566 3566 433 2433 492 2492 219 2219 688 2688 1154 3154 1163 3163 1443 3443 1522 3522 300 2300 989 2989 603 2603 849 2849 1573 3573 1409 3409 285 2285 824 2824 998 2998 670 2670 1172 3172 952 2952 508 2508 1250 3250 1953 3953 494 2494 1458 3458 246 2246 826 2826 209 2209 278 2278 1240 3240 1543 3543
633 2633 441 2441 1144 3144 1542 3542 477 2477 354 2354 906 2906 391 2391 1646 3646 1805 3805 588 2588 1592 3592 533 2533 1820 3820 743 2743 700 2700 686 2686 1597 3597 1626 3626 1252 3252 1428 3428 547 2547 534 2534 243 2243 233 2233 1242 3242 55 2055 1266 3266 1899 3899 645 2645 96 2096 1180 3180 1387 3387 1515 3515 746 2746 132 2132 312 2312 69 2069 1006 3006 549 2549 922 2922 1392 3392 1013 3013 931 2931 748 2748 1967 3967 1369 3369 1580 3580 1403 3403 569 2569 1564 3564 1396 3396 1408 3408 466 2466 1974 3974 1837 3837 1962 3962 298 2298 184 2184 1267 3267 1175 3175 1486 3486 963 2963 1048 3048 1514 3514 1433 3433 268 2268 834 2834 1933 3933 1149 3149 1060 3060
1390 3390 1343 3343 990 2990 727 2727 1357 3357 202 2202 1475 3475 903 2903 371 2371 228 2228 1545 3545 1406 3406 690 2690 1074 3074 1775 3775 1990 3990 778 2778 887 2887 1366 3366 1497 3497 1204 3204 926 2926 1895 3895 362 2362 1672 3672 628 2628 1678 3678 1287 3287 1078 3078 1064 3064 518 2518 1881 3881 1382 3382 493 2493 1297 3297 1607 3607 1529 3529 1840 3840 920 2920 821 2821 383 2383 1601 3601 909 2909 1096 3096 1671 3671 768 2768 1495 3495 1863 3863 599 2599 1705 3705 910 2910 207 2207 1993 3993 227 2227 1746 3746 1446 3446 1841 3841 1516 3516 884 2884 1368 3368 625 2625 860 2860 1426 3426 1282 3282 1094 3094 1215 3215 369 2369
29 2029 1804 3804 1911 3911 1284 3284 91 2091 1734 3734 1021 3021 400 2400 110 2110 1216 3216 1176 3176 685 2685 1415 3415 225 2225 785 2785 991 2991 92 2092 1823 3823 1412 3412 1393 3393 1960 3960 1675 3675 1109 3109 407 2407 1499 3499 116 2116 9 2009 1883 3883 1730 3730 52 2052 1246 3246 769 2769 198 2198 1579 3579 676 2676 1561 3561 609 2609 1020 3020 2 2002 414 2414 174 2174 273 2273 1553 3553 1641 3641 404 2404 348 2348 13 2013 1902 3902 1954 3954 1638 3638 163 2163 387 2387 1982 3982

41 2041 1347 3347 1105 3105 1908 3908 662 2662 993 2993 1389 3389 1441 3441 1910 3910 1339 3339 570 2570 343 2343 713 2713 1768 3768 1457 3457 1315 3315 1655 3655 1361 3361 761 2761 1174 3174 865 2865 763 2763 637 2637 326 2326 1975 3975 1069 3069 498 2498 577 2577 1296 3296 1916 3916 771 2771 232 2232 949 2949 263 2263 1583 3583 1008 3008 1294 3294 214 2214 1152 3152 1405 3405 962 2962 1359 3359 1226 3226 647 2647 1964 3964 1286 3286 425 2425 1205 3205
750 2750 117 2117 541 2541 1019 3019 11 2011 329 2329 287 2287 1381 3381 1264 3264 657 2657 1932 3932 190 2190 1451 3451 193 2193 1651 3651 1111 3111 945 2945 1956 3956 1839 3839 819 2819 94 2094 1634 3634 1125 3125 357 2357 1213 3213 1858 3858 872 2872 735 2735 1697 3697 1439 3439 206 2206 1983 3983 1750 3750 770 2770 1735 3735 1995 3995 1500 3500 1587 3587 551 2551 1565 3565 1483 3483 868 2868 458 2458 264 2264 853 2853 1762 3762 1442 3442 1764 3764 1798 3798 797 2797 451 2451 1891 3891 71 2071 487 2487 439 2439 1757 3757 463 2463 1706 3706 1906 3906 764 2764 1228 3228
1614 3614 1067 3067 37 2037 1741 3741 1796 3796 506 2506 1537 3537 966 2966 1868 3868 1666 3666 58 2058 630 2630 1050 3050 248 2248 1904 3904 121 2121 1802 3802 1028 3028 1585 3585 1789 3789 847 2847 485 2485 1819 3819 836 2836 517 2517 1145 3145 173 2173 1362 3362 1063 3063 1113 3113

1236 3236 99 2099 1728 3728 798 2798 1352 3352 176 2176 260 2260 1562 3562 997 2997 191 2191 1099 3099 436 2436 1945 3945 1896 3896 1001 3001 939 2939 729 2729 1342 3342 247 2247 49 2049 526 2526 881 2881 793 2793 102 2102 790 2790 1701 3701 655 2655 4 2004 1591 3591 151 2151 668 2668 591 2591 1547 3547 1431 3431 350 2350 1777 3777 72 2072 575 2575 1535 3535 1214 3214 336 2336 1610 3610 1605 3605 1787 3787 1923 3923 1915 3915 356 2356 639 2639 787 2787 396 2396 1882 3882 1447 3447 543 2543 1732 3732 1879 3879 783 2783 284 2284 276 2276



