instance61_nreq1000_nveh20_gamma879
501 1501 4 1004 291 1291 23 1023 33 1033 384 1384 364 1364 39 1039 308 1308 370 1370 551 1551 278 1278 297 1297 186 1186 30 1030 967 1967 686 1686 762 1762 726 1726 858 1858 908 1908 90 1090 497 1497 472 1472 766 1766 992 1992 132 1132 559 1559 427 1427 251 1251 815 1815 976 1976 113 1113 408 1408 489 1489 56 1056 225 1225 456 1456 624 1624 618 1618 483 1483 904 1904 584 1584 607 1607 681 1681 7 1007 192 1192 405 1405 474 1474 963 1963 1000 2000 133 1133 975 1975 810 1810 994 1994 583 1583 182 1182 707 1707 31 1031 638 1638 96 1096 357 1357
511 1511 54 1054 527 1527 491 1491 718 1718 506 1506 339 1339 47 1047 433 1433 738 1738 635 1635 72 1072 852 1852 327 1327 108 1108 536 1536 139 1139 471 1471 696 1696 667 1667 518 1518 152 1152 386 1386 885 1885 153 1153 834 1834 903 1903 345 1345 735 1735 35 1035 650 1650 203 1203 415 1415 914 1914 99 1099 396 1396 467 1467 478 1478 714 1714 207 1207 920 1920 924 1924 294 1294 495 1495 394 1394 259 1259 395 1395 247 1247 477 1477 362 1362 129 1129 266 1266 926 1926 893 1893 690 1690
230 1230 533 1533 523 1523 103 1103 729 1729 547 1547 915 1915 751 1751 578 1578 734 1734 564 1564 633 1633 246 1246 375 1375 331 1331 311 1311 830 1830 608 1608 151 1151 680 1680 440 1440 979 1979 265 1265 194 1194 827 1827 61 1061 44 1044 832 1832 319 1319 940 1940 424 1424 145 1145 631 1631 997 1997 891 1891 783 1783 496 1496 907 1907 413 1413 613 1613 317 1317 869 1869 446 1446 919 1919
611 1611 747 1747 720 1720 770 1770 164 1164 329 1329 702 1702 863 1863 906 1906 867 1867 98 1098 600 1600 244 1244 267 1267 761 1761 946 1946 622 1622 933 1933 107 1107 41 1041 416 1416 26 1026 188 1188 931 1931 104 1104 447 1447 231 1231 165 1165 673 1673 500 1500 417 1417 595 1595 545 1545 560 1560 485 1485 800 1800 836 1836 257 1257 629 1629 74 1074 704 1704
653 1653 46 1046 540 1540 288 1288 155 1155 552 1552 310 1310 778 1778 337 1337 409 1409 703 1703 70 1070 724 1724 252 1252 813 1813 678 1678 805 1805 161 1161 37 1037 493 1493 149 1149 664 1664 105 1105 746 1746 934 1934 204 1204 248 1248 856 1856 822 1822 121 1121 57 1057 206 1206 109 1109 457 1457 414 1414 380 1380 342 1342 816 1816 124 1124 429 1429 236 1236 418 1418 448 1448 17 1017 882 1882 842 1842 382 1382 928 1928 469 1469 13 1013 81 1081 912 1912 957 1957 577 1577 509 1509 71 1071 780 1780 352 1352 431 1431 222 1222 820 1820 209 1209 899 1899 921 1921
27 1027 585 1585 757 1757 953 1953 430 1430 91 1091 62 1062 141 1141 753 1753 870 1870 127 1127 202 1202 312 1312 284 1284 619 1619 445 1445 85 1085 763 1763 5 1005 859 1859 569 1569 909 1909 434 1434 80 1080 426 1426 973 1973 351 1351 8 1008 269 1269 505 1505 956 1956 713 1713 658 1658 677 1677 731 1731 542 1542 338 1338 285 1285 561 1561 372 1372 901 1901 709 1709 803 1803 379 1379 293 1293 198 1198 328 1328 771 1771 49 1049 883 1883 138 1138 895 1895 280 1280 320 1320 826 1826 722 1722 656 1656 404 1404 663 1663 492 1492 11 1011 898 1898 930 1930 876 1876 517 1517 480 1480 807 1807 334 1334 591 1591 78 1078 217 1217 264 1264 978 1978
706 1706 616 1616 229 1229 183 1183 789 1789 241 1241 223 1223 525 1525 790 1790 717 1717 140 1140 541 1541 462 1462 325 1325 184 1184 514 1514 644 1644 180 1180 220 1220 119 1119 802 1802 666 1666 617 1617 282 1282 309 1309 276 1276 630 1630 597 1597 662 1662 368 1368 801 1801 3 1003 42 1042 632 1632 208 1208 15 1015 942 1942 135 1135 66 1066 271 1271 531 1531 419 1419 120 1120 87 1087 169 1169 825 1825 844 1844 823 1823 954 1954 756 1756 75 1075 775 1775 682 1682 625 1625 232 1232 97 1097 498 1498 40 1040 543 1543
949 1949 484 1484 341 1341 996 1996 814 1814 393 1393 187 1187 627 1627 752 1752 626 1626 176 1176 648 1648 367 1367 839 1839 692 1692 829 1829 475 1475 995 1995 302 1302 449 1449 929 1929 727 1727 649 1649 253 1253 537 1537 22 1022 89 1089 550 1550 739 1739 263 1263 588 1588 355 1355 281 1281 83 1083 268 1268 687 1687 237 1237 887 1887 528 1528 968 1968 784 1784 258 1258 923 1923 861 1861 769 1769 962 1962 987 1987 228 1228 171 1171 833 1833 224 1224 818 1818 181 1181 602 1602 773 1773
464 1464 742 1742 316 1316 875 1875 603 1603 855 1855 270 1270 743 1743 670 1670 736 1736 788 1788 29 1029 809 1809 938 1938 688 1688 862 1862 277 1277 442 1442 754 1754 283 1283 486 1486 984 1984 878 1878 403 1403 723 1723 881 1881 799 1799 669 1669 697 1697 811 1811 737 1737 439 1439 586 1586 32 1032 544 1544 390 1390 675 1675 824 1824 201 1201 614 1614 732 1732 986 1986 399 1399 137 1137 744 1744
792 1792 661 1661 951 1951 444 1444 466 1466 966 1966 594 1594 604 1604 360 1360 532 1532 840 1840 385 1385 917 1917 750 1750 126 1126 668 1668 796 1796 28 1028 67 1067 354 1354 572 1572 388 1388 243 1243 558 1558 346 1346 315 1315 69 1069 794 1794 73 1073 990 1990 398 1398 991 1991 168 1168 185 1185 45 1045 628 1628 905 1905 693 1693 821 1821 313 1313 652 1652 240 1240 274 1274 672 1672 515 1515 179 1179 363 1363 19 1019 570 1570 79 1079 786 1786 580 1580 749 1749 740 1740 758 1758 965 1965 503 1503 645 1645 971 1971 481 1481 142 1142 647 1647
571 1571 530 1530 657 1657 92 1092 100 1100 452 1452 601 1601 261 1261 853 1853 759 1759 925 1925 117 1117 287 1287 972 1972 234 1234 612 1612 508 1508 817 1817 36 1036 549 1549 239 1239 77 1077 880 1880 960 1960 490 1490 55 1055 299 1299 50 1050 922 1922 699 1699 745 1745 106 1106 389 1389 950 1950 918 1918 43 1043 255 1255 349 1349 896 1896 20 1020 249 1249 454 1454 387 1387 136 1136 465 1465 507 1507 791 1791 838 1838 522 1522 685 1685 453 1453 955 1955 159 1159 513 1513 902 1902 148 1148 596 1596 275 1275 936 1936 615 1615 16 1016 301 1301 245 1245 874 1874 665 1665 555 1555
961 1961 407 1407 289 1289 146 1146 332 1332 177 1177 642 1642 216 1216 741 1741 425 1425 9 1009 88 1088 304 1304 563 1563 428 1428 587 1587 211 1211 711 1711 911 1911 130 1130 470 1470 48 1048 623 1623 562 1562 144 1144 831 1831 733 1733 401 1401 529 1529 793 1793 538 1538 888 1888 242 1242 254 1254 156 1156 95 1095 365 1365 134 1134 306 1306 998 1998 128 1128 463 1463 410 1410 451 1451 730 1730 592 1592 546 1546 123 1123 526 1526 795 1795 290 1290 777 1777 437 1437 212 1212 10 1010 643 1643 689 1689 892 1892 358 1358 521 1521
660 1660 959 1959 371 1371 94 1094 808 1808 781 1781 196 1196 610 1610 889 1889 864 1864 450 1450 927 1927 330 1330 884 1884 193 1193 350 1350 488 1488 969 1969 846 1846 993 1993 170 1170 510 1510 233 1233 837 1837 985 1985 939 1939 712 1712 981 1981 755 1755 581 1581 947 1947 6 1006 890 1890 579 1579 804 1804 655 1655 634 1634 835 1835 307 1307 606 1606 847 1847 621 1621 952 1952 461 1461 553 1553 499 1499 698 1698 943 1943 359 1359
167 1167 298 1298 894 1894 935 1935 250 1250 406 1406 435 1435 436 1436 321 1321 843 1843 932 1932 147 1147 868 1868 916 1916 715 1715 468 1468 482 1482 539 1539 391 1391 970 1970 941 1941 340 1340 568 1568 374 1374 227 1227 361 1361 566 1566 218 1218 296 1296 988 1988 162 1162 154 1154 958 1958 520 1520 333 1333 590 1590 504 1504 554 1554 60 1060 806 1806 219 1219 343 1343 524 1524 459 1459 205 1205

519 1519 999 1999 324 1324 639 1639 131 1131 323 1323 679 1679 422 1422 779 1779 348 1348 479 1479 695 1695 512 1512 166 1166 764 1764 157 1157 18 1018 980 1980 937 1937 53 1053 684 1684 336 1336 637 1637 59 1059 215 1215 199 1199 373 1373 68 1068 886 1886 376 1376 173 1173 421 1421 728 1728
111 1111 326 1326 772 1772 200 1200 1 1001 774 1774 659 1659 441 1441 458 1458 118 1118 455 1455 226 1226 178 1178 879 1879 535 1535 286 1286
125 1125 335 1335 877 1877 654 1654 548 1548 260 1260 573 1573 871 1871 534 1534 303 1303 86 1086 190 1190 347 1347 344 1344 828 1828 175 1175 213 1213 63 1063 423 1423 651 1651 460 1460 64 1064 160 1160 989 1989 163 1163 116 1116 716 1716 273 1273 58 1058 82 1082 300 1300 318 1318 945 1945 51 1051 12 1012 782 1782 322 1322 295 1295 14 1014 857 1857 636 1636 420 1420 812 1812 353 1353 412 1412 593 1593 191 1191 671 1671 598 1598 565 1565


