instance61_nreq500_nveh10_gamma430
208 708 327 827 30 530 375 875 323 823 85 585 37 537 164 664 218 718 57 557 228 728 432 932 489 989 354 854 433 933 66 566 396 896 471 971 259 759 282 782 112 612 445 945 196 696 390 890 485 985 331 831 192 692 409 909 3 503 109 609 44 544 247 747 144 644 7 507 412 912 173 673 142 642 222 722 275 775 137 637
310 810 199 699 332 832 460 960 193 693 92 592 466 966 429 929 367 867 150 650 33 533 475 975 203 703 294 794 161 661 146 646 296 796 334 834 302 802 394 894 47 547 191 691 169 669 461 961 41 541 229 729 476 976 59 559 406 906 77 577 170 670 4 504 202 702 382 882 457 957 343 843 195 695 58 558 75 575 444 944 176 676 318 818 145 645 220 720 496 996
488 988 123 623 490 990 399 899 261 761 249 749 124 624 427 927 277 777 156 656 157 657 345 845 459 959 113 613 206 706 366 866 403 903 163 663 391 891 183 683 416 916 27 527 264 764 340 840 263 763 388 888 205 705 462 962 374 874 373 873 160 660 303 803 401 901 320 820 289 789 87 587 252 752 153 653 43 543 335 835
434 934 155 655 211 711 436 936 63 563 175 675 141 641 80 580 379 879 398 898 233 733 344 844 207 707 180 680 389 889 61 561 450 950 22 522 363 863 209 709 158 658 116 616 140 640 38 538 311 811 24 524 281 781 216 716 31 531 242 742 469 969 301 801 384 884 23 523 19 519 411 911 181 681 20 520 492 992 6 506 230 730
266 766 473 973 369 869 370 870 360 860 431 931 53 553 269 769 430 930 93 593 437 937 299 799 258 758 151 651 415 915 262 762 81 581 308 808 428 928 317 817 187 687 147 647 297 797 481 981 454 954 201 701 91 591 190 690 443 943 423 923 133 633 342 842 361 861 103 603 83 583 346 846 468 968 15 515 102 602 414 914 359 859 417 917 472 972 304 804 184 684 177 677 280 780 40 540 279 779 254 754 248 748
131 631 464 964 349 849 420 920 251 751 162 662 309 809 119 619 441 941 154 654 446 946 214 714 287 787 440 940 368 868 483 983 70 570 387 887 234 734 49 549 106 606 405 905 336 836 130 630 386 886 338 838 86 586 378 878 143 643 347 847 45 545 499 999 413 913 493 993 442 942 253 753 418 918 315 815 467 967 494 994 267 767
337 837 452 952 407 907 424 924 329 829 246 746 122 622 108 608 50 550 25 525 62 562 316 816 463 963 498 998 419 919 215 715 9 509 167 667 321 821 95 595 213 713 89 589 447 947 136 636 60 560 8 508 46 546 313 813 56 556 134 634 293 793 278 778 139 639 356 856 51 551 32 532 365 865 395 895 16 516 168 668 129 629 497 997 244 744 312 812 68 568 325 825 10 510
127 627 98 598 117 617 371 871 348 848 26 526 426 926 385 885 120 620 410 910 198 698 2 502 358 858 28 528 478 978 115 615 35 535 298 798 18 518 159 659 186 686 421 921 250 750 241 741 212 712 439 939 376 876 240 740 364 864 425 925 383 883 194 694 54 554
449 949 223 723 400 900 260 760 188 688 500 1000 189 689 491 991 126 626 125 625 64 564 256 756 288 788 21 521 79 579 283 783 291 791 82 582 99 599 148 648 486 986 393 893 182 682 380 880 286 786 166 666 78 578 185 685 265 765 5 505 172 672 245 745 484 984 257 757 179 679 271 771 96 596 226 726
90 590 314 814 479 979 350 850 171 671 39 539 255 755 392 892 48 548 200 700 341 841 319 819 88 588 482 982 104 604 132 632 458 958 221 721 232 732 36 536 274 774 372 872 105 605 290 790 324 824 101 601 217 717 34 534 11 511 362 862 236 736 402 902 326 826 270 770 448 948 333 833 474 974 397 897 219 719 67 567 330 830 339 839 353 853 128 628 456 956 306 806 210 710 14 514 42 542 165 665 121 621 495 995 107 607 149 649
