instance61_nreq2000_nveh40_gamma1829
1749 3749 1031 3031 211 2211 942 2942 876 2876 1985 3985 1047 3047 150 2150 1856 3856 1440 3440 864 2864 1005 3005 1852 3852 936 2936 1257 3257 548 2548 1419 3419 1243 3243 1027 3027 1877 3877 1292 3292 1603 3603 1138 3138 308 2308 1070 3070 434 2434 1185 3185 1719 3719 1623 3623 917 2917 1717 3717 968 2968 327 2327 1707 3707 742 2742 29 2029 1520 3520 1236 3236 1177 3177 905 2905 1804 3804 633 2633 41 2041 271 2271 335 2335 469 2469 760 2760 858 2858 1613 3613 1643 3643 870 2870 955 2955 875 2875 750 2750 441 2441 587 2587 1598 3598 1822 3822 1461 3461 99 2099 1614 3614 1485 3485 147 2147 1010 3010 1905 3905 1347 3347 1867 3867 1654 3654 464 2464 1872 3872 805 2805 1929 3929 1105 3105 1390 3390 1343 3343 1728 3728 128 2128 601 2601 1633 3633 1144 3144 1509 3509 495 2495 1826 3826 370 2370 120 2120 914 2914 124 2124 1772 3772 798 2798 1918 3918 1853 3853 889 2889 152 2152 1067 3067 789 2789 745 2745 979 2979 1791 3791 990 2990 552 2552 345 2345 901 2901 223 2223 536 2536 386 2386 1345 3345 1911 3911 1640 3640 1284 3284 1984 3984 117 2117 995 2995 852 2852 394 2394 462 2462 257 2257 108 2108 737 2737 477 2477 75 2075 1357 3357 202 2202 808 2808 261 2261 693 2693 1814 3814 1301 3301 1475 3475 1280 3280 341 2341 125 2125 1337 3337 1311 3311 405 2405 837 2837 490 2490 1416 3416 581 2581 431 2431 1846 3846 879 2879 615 2615 1796 3796 1079 3079 103 2103 442 2442 1912 3912 123 2123 841 2841 337 2337 428 2428 1812 3812 1548 3548 228 2228 1051 3051 1090 3090 532 2532 1465 3465 863 2863 54 2054 1752 3752 1374 3374 977 2977 222 2222 1404 3404 1415 3415 225 2225 1132 3132 554 2554 1119 3119 1775 3775 1549 3549 429 2429 1924 3924 58 2058 939 2939 1595 3595 1786 3786 507 2507 731 2731 563 2563 1570 3570 1996 3996 1651 3651 315 2315 1460 3460 927 2927 500 2500 1111 3111 377 2377 62 2062 418 2418 1225 3225 1190 3190 1072 3072 470 2470 728 2728 579 2579 1358 3358 600 2600 1244 3244 713 2713 1316 3316 234 2234 1157 3157 1768 3768 1457 3457 1384 3384 1533 3533 297 2297 1898 3898 1538 3538 89 2089 887 2887 641 2641 1647 3647 1366 3366 258 2258 1497 3497 689 2689 1293 3293 894 2894 344 2344 1558 3558 1324 3324 318 2318 533 2533 823 2823 1445 3445 1575 3575 92 2092 1823 3823 559 2559 505 2505 1498 3498 358 2358 956 2956 988 2988 79 2079 678 2678 1229 3229 1870 3870 1323 3323 1038 3038 1708 3708 1134 3134 763 2763 795 2795 381 2381 1135 3135 1701 3701 757 2757 410 2410 472 2472 288 2288 1011 3011 935 2935 637 2637 259 2259 1506 3506 40 2040 1114 3114 1955 3955 1140 3140 407 2407 838 2838 1314 3314 1711 3711 1414 3414 1593 3593 771 2771 1220 3220 1847 3847 457 2457 302 2302 1118 3118 153 2153 562 2562 1519 3519 651 2651 1628 3628 1987 3987 985 2985 1102 3102 1917 3917 1320 3320 1779 3779 1008 3008 1453 3453 96 2096 1599 3599 1353 3353 724 2724 632 2632 1459 3459 1588 3588 346 2346 1076 3076 1152 3152 1405 3405 1163 3163 1524 3524 1322 3322 1631 3631 1754 3754 1522 3522 1026 3026 180 2180 300 2300 320 2320 1336 3336 1936 3936 1310 3310 904 2904 1332 3332 1702 3702 1183 3183 844 2844 1210 3210 360 2360 1604 3604 954 2954 1994 3994 1098 3098 1348 3348 1858 3858 603 2603 1851 3851 198 2198 61 2061 34 2034 874 2874 1256 3256 859 2859 578 2578 7 2007 127 2127 857 2857 800 2800 1245 3245 69 2069 1006 3006 1014 3014 1535 3535 1532 3532 694 2694 1502 3502 1351 3351 1716 3716 406 2406 1173 3173 444 2444 1289 3289 708 2708 1392 3392 1610 3610 292 2292 1165 3165 1088 3088 32 2032 1439 3439 448 2448 316 2316 1162 3162 1121 3121 363 2363 882 2882 704 2704 1227 3227 126 2126 403 2403 1642 3642 1491 3491 438 2438 1632 3632 432 2432 1427 3427 925 2925 1540 3540 1830 3830 355 2355 1863 3863 599 2599 1705 3705 393 2393 1710 3710 1312 3312 1253 3253 660 2660 1946 3946 440 2440 1821 3821 1806 3806 175 2175 644 2644 1915 3915 264 2264 853 2853 1408 3408 773 2773 1308 3308 1974 3974 1837 3837 535 2535 396 2396 1882 3882 1746 3746 186 2186 184 2184 952 2952 1579 3579 454 2454 165 2165 508 2508 1680 3680 1002 3002 963 2963 1048 3048 976 2976 409 2409 1561 3561 609 2609 435 2435 1020 3020 2 2002 1054 3054 1841 3841 1594 3594 957 2957 1693 3693 1650 3650 390 2390 235 2235 941 2941 1920 3920 1897 3897 1968 3968 656 2656 348 2348 1732 3732 1436 3436 1766 3766 230 2230 758 2758 173 2173 1964 3964 1638 3638 31 2031 756 2756 510 2510 1299 3299 476 2476 826 2826 1215 3215 369 2369 163 2163 580 2580 220 2220 137 2137 1205 3205 1060 3060 467 2467 1982 3982
1621 3621 1892 3892 604 2604 780 2780 1903 3903 835 2835 1875 3875 571 2571 1611 3611 208 2208 1873 3873 1155 3155 529 2529 1179 3179 1829 3829 1291 3291 1816 3816 636 2636 1303 3303 902 2902 1790 3790 1737 3737 992 2992 196 2196 1602 3602 782 2782 497 2497 419 2419 37 2037 1019 3019 1661 3661 1454 3454 1722 3722 951 2951 445 2445 522 2522 1418 3418 1665 3665 23 2023 1686 3686 907 2907 489 2489 846 2846 1527 3527 11 2011 91 2091 426 2426 1635 3635 488 2488 1662 3662 1530 3530 1624 3624 468 2468 1885 3885 371 2371 1464 3464 216 2216 1935 3935 400 2400 664 2664 44 2044 459 2459 1153 3153 155 2155 950 2950 1319 3319 1367 3367 422 2422 1827 3827 1263 3263 519 2519 558 2558 1925 3925 193 2193 1910 3910 1700 3700 720 2720 242 2242 606 2606 1050 3050 156 2156 729 2729 461 2461 542 2542 130 2130 1713 3713 1839 3839 1802 3802 1342 3342 1254 3254 1488 3488 916 2916 247 2247 1653 3653 1077 3077 1056 3056 49 2049 413 2413 1315 3315 778 2778 833 2833 1012 3012 629 2629 622 2622 1585 3585 1456 3456 1204 3204 39 2039 766 2766 667 2667 1670 3670 1880 3880 943 2943 1487 3487 1508 3508 1260 3260 634 2634 817 2817 1195 3195 362 2362 1159 3159 1756 3756 1045 3045 865 2865 424 2424 1196 3196 105 2105 1039 3039 1928 3928 1471 3471 537 2537 1385 3385 1360 3360 149 2149 790 2790 1685 3685 1660 3660 455 2455 880 2880 610 2610 1690 3690 1269 3269 1743 3743 504 2504 528 2528 1960 3960 534 2534 1736 3736 996 2996 688 2688 177 2177 1219 3219 744 2744 1394 3394 871 2871 1296 3296 1916 3916 1499 3499 151 2151 116 2116 518 2518 254 2254 1413 3413 1170 3170 1251 3251 1104 3104 1644 3644 645 2645 1583 3583 827 2827 1479 3479 493 2493 1751 3751 1346 3346 739 2739 1378 3378 1004 3004 576 2576 19 2019 214 2214 1563 3563 26 2026 1275 3275 1607 3607 1951 3951 1068 3068 28 2028 1180 3180 1037 3037 1380 3380 1224 3224 829 2829 1529 3529 1515 3515 1663 3663 295 2295 210 2210 1748 3748 1328 3328 754 2754 1547 3547 842 2842 1095 3095 446 2446 821 2821 999 2999 104 2104 872 2872 6 2006 1409 3409 383 2383 401 2401 1780 3780 1536 3536 1939 3939 114 2114 545 2545 51 2051 803 2803 544 2544 1024 3024 1080 3080 85 2085 252 2252 118 2118 899 2899 1857 3857 1364 3364 1893 3893 1193 3193 1477 3477 199 2199 1724 3724 1546 3546 1450 3450 1035 3035 1810 3810 734 2734 1801 3801 1000 3000 359 2359 53 2053 1605 3605 986 2986 1421 3421 683 2683 1886 3886 1560 3560 1101 3101 768 2768 1495 3495 1581 3581 131 2131 109 2109 1518 3518 1689 3689 291 2291 1565 3565 231 2231 1142 3142 84 2084 1771 3771 1258 3258 751 2751 921 2921 722 2722 1474 3474 298 2298 1656 3656 1798 3798 1674 3674 1344 3344 843 2843 543 2543 605 2605 627 2627 1042 3042 556 2556 1017 3017 1486 3486 981 2981 451 2451 1833 3833 270 2270 1327 3327 1891 3891 1526 3526 1437 3437 1854 3854 1980 3980 382 2382 414 2414 1815 3815 884 2884 1368 3368 71 2071 478 2478 741 2741 1376 3376 1991 3991 404 2404 1504 3504 18 2018 1879 3879 697 2697 625 2625 836 2836 517 2517 1145 3145 1950 3950 834 2834 353 2353 122 2122 1426 3426 1282 3282 699 2699 1286 3286 642 2642 388 2388 1228 3228 278 2278 313 2313 783 2783 181 2181 1147 3147 465 2465 1231 3231
1352 3352 82 2082 1908 3908 412 2412 840 2840 33 2033 1295 3295 1669 3669 616 2616 1232 3232 1681 3681 919 2919 662 2662 1542 3542 1600 3600 1741 3741 1081 3081 1878 3878 1544 3544 727 2727 961 2961 541 2541 1850 3850 1861 3861 1714 3714 1942 3942 1449 3449 1734 3734 1021 3021 987 2987 1288 3288 423 2423 1391 3391 903 2903 277 2277 1261 3261 1247 3247 792 2792 460 2460 1783 3783 287 2287 1997 3997 391 2391 1612 3612 1646 3646 309 2309 42 2042 129 2129 101 2101 619 2619 752 2752 1584 3584 1410 3410 1003 3003 1657 3657 1645 3645 134 2134 539 2539 1919 3919 1264 3264 588 2588 1182 3182 70 2070 573 2573 1592 3592 1187 3187 1209 3209 666 2666 624 2624 1016 3016 1945 3945 1808 3808 1065 3065 1455 3455 1057 3057 1441 3441 1451 3451 1001 3001 717 2717 217 2217 1148 3148 1143 3143 88 2088 1317 3317 47 2047 229 2229 282 2282 113 2113 712 2712 1059 3059 1335 3335 617 2617 481 2481 449 2449 1023 3023 679 2679 373 2373 1731 3731 1122 3122 1901 3901 702 2702 1189 3189 171 2171 1571 3571 1876 3876 343 2343 1712 3712 452 2452 1871 3871 1129 3129 873 2873 205 2205 912 2912 121 2121 945 2945 726 2726 973 2973 669 2669 1842 3842 653 2653 22 2022 718 2718 94 2094 1927 3927 1028 3028 1041 3041 1513 3513 847 2847 514 2514 361 2361 1167 3167 1848 3848 1333 3333 1672 3672 334 2334 1174 3174 659 2659 700 2700 1393 3393 443 2443 511 2511 366 2366 628 2628 686 2686 433 2433 1874 3874 357 2357 80 2080 980 2980 661 2661 1126 3126 525 2525 1239 3239 1146 3146 1252 3252 1428 3428 649 2649 395 2395 219 2219 1578 3578 1184 3184 1496 3496 521 2521 1476 3476 4 2004 1975 3975 730 2730 1069 3069 772 2772 1401 3401 283 2283 564 2564 367 2367 330 2330 325 2325 148 2148 243 2243 958 2958 77 2077 721 2721 415 2415 1569 3569 1242 3242 232 2232 55 2055 949 2949 825 2825 324 2324 736 2736 550 2550 796 2796 36 2036 1684 3684 654 2654 1082 3082 555 2555 885 2885 1835 3835 572 2572 1730 3730 290 2290 52 2052 586 2586 1739 3739 135 2135 1824 3824 1630 3630 1294 3294 593 2593 274 2274 776 2776 471 2471 1979 3979 1758 3758 1120 3120 715 2715 169 2169 1097 3097 964 2964 1363 3363 1151 3151 818 2818 802 2802 1938 3938 1055 3055 948 2948 286 2286 1577 3577 1639 3639 97 2097 597 2597 48 2048 746 2746 132 2132 392 2392 319 2319 920 2920 1431 3431 1213 3213 1864 3864 1777 3777 86 2086 849 2849 1573 3573 1691 3691 883 2883 1972 3972 281 2281 703 2703 1778 3778 832 2832 1727 3727 64 2064 1478 3478 816 2816 1774 3774 164 2164 971 2971 1664 3664 1071 3071 253 2253 809 2809 1784 3784 1782 3782 733 2733 621 2621 1218 3218 1462 3462 1096 3096 701 2701 1158 3158 1574 3574 172 2172 1186 3186 397 2397 1776 3776 323 2323 1738 3738 824 2824 584 2584 1699 3699 614 2614 1106 3106 770 2770 1130 3130 1860 3860 1890 3890 910 2910 1424 3424 1248 3248 1117 3117 1473 3473 458 2458 972 2972 1396 3396 1687 3687 1517 3517 938 2938 740 2740 1855 3855 1993 3993 227 2227 1241 3241 1211 3211 1817 3817 998 2998 546 2546 368 2368 947 2947 1744 3744 1625 3625 856 2856 1692 3692 965 2965 1306 3306 676 2676 342 2342 1458 3458 1484 3484 1281 3281 1298 3298 485 2485 962 2962 1429 3429 1110 3110 1359 3359 1553 3553 1926 3926 1862 3862 1641 3641 1668 3668 1043 3043 1512 3512 1843 3843 321 2321 268 2268 1999 3999 380 2380 860 2860 439 2439 1273 3273 1137 3137 1902 3902 1757 3757 1362 3362 1094 3094 806 2806 463 2463 1706 3706 299 2299 764 2764 1825 3825 1350 3350 1966 3966 138 2138 1472 3472 975 2975 483 2483 1049 3049 387 2387 1543 3543
828 2828 623 2623 176 2176 993 2993 98 2098 1389 3389 30 2030 354 2354 1559 3559 1940 3940 781 2781 1704 3704 982 2982 1965 3965 1501 3501 850 2850 213 2213 141 2141 906 2906 1986 3986 648 2648 1759 3759 133 2133 1100 3100 332 2332 1181 3181 1032 3032 1659 3659 140 2140 799 2799 269 2269 329 2329 869 2869 1222 3222 78 2078 598 2598 506 2506 142 2142 194 2194 801 2801 1616 3616 1537 3537 187 2187 1729 3729 260 2260 1562 3562 183 2183 1304 3304 1742 3742 1166 3166 675 2675 1176 3176 81 2081 12 2012 924 2924 685 2685 1188 3188 1354 3354 436 2436 1622 3622 1444 3444 937 2937 215 2215 738 2738 1747 3747 255 2255 1636 3636 1765 3765 1868 3868 690 2690 1753 3753 959 2959 190 2190 1074 3074 1896 3896 1022 3022 707 2707 1921 3921 294 2294 1785 3785 1207 3207 813 2813 14 2014 646 2646 239 2239 538 2538 1302 3302 630 2630 1894 3894 1990 3990 399 2399 1355 3355 248 2248 929 2929 1339 3339 709 2709 1307 3307 1688 3688 1904 3904 304 2304 1206 3206 513 2513 204 2204 1272 3272 711 2711 861 2861 1740 3740 867 2867 379 2379 978 2978 893 2893 1634 3634 911 2911 280 2280 526 2526 1373 3373 1943 3943 1887 3887 1755 3755 1334 3334 185 2185 1318 3318 1789 3789 595 2595 620 2620 1763 3763 241 2241 777 2777 785 2785 953 2953 926 2926 1895 3895 1930 3930 1073 3073 991 2991 1884 3884 582 2582 56 2056 139 2139 244 2244 1649 3649 1978 3978 144 2144 1388 3388 682 2682 245 2245 793 2793 594 2594 195 2195 102 2102 1411 3411 540 2540 303 2303 706 2706 1238 3238 1566 3566 934 2934 8 2008 1557 3557 1463 3463 1788 3788 1678 3678 1125 3125 20 2020 1507 3507 592 2592 940 2940 1287 3287 1800 3800 1078 3078 530 2530 1970 3970 1597 3597 1626 3626 561 2561 1046 3046 1198 3198 1773 3773 655 2655 326 2326 1609 3609 638 2638 498 2498 233 2233 577 2577 668 2668 591 2591 1191 3191 389 2389 1133 3133 1297 3297 1370 3370 1528 3528 930 2930 1931 3931 1831 3831 1534 3534 1922 3922 218 2218 1044 3044 1208 3208 568 2568 1443 3443 1387 3387 788 2788 384 2384 65 2065 364 2364 1834 3834 1523 3523 928 2928 1840 3840 1760 3760 574 2574 1086 3086 1723 3723 267 2267 811 2811 1677 3677 1200 3200 687 2687 523 2523 769 2769 1270 3270 411 2411 1407 3407 420 2420 201 2201 251 2251 583 2583 1795 3795 1066 3066 565 2565 1721 3721 1989 3989 1679 3679 1372 3372 162 2162 95 2095 1489 3489 1601 3601 909 2909 1338 3338 336 2336 549 2549 1150 3150 922 2922 1671 3671 1399 3399 1620 3620 1944 3944 1618 3618 1958 3958 895 2895 1695 3695 206 2206 1983 3983 475 2475 566 2566 1265 3265 866 2866 774 2774 112 2112 310 2310 1947 3947 1058 3058 328 2328 886 2886 1969 3969 1865 3865 83 2083 748 2748 1995 3995 1658 3658 1914 3914 855 2855 1615 3615 804 2804 1500 3500 1952 3952 1587 3587 663 2663 1923 3923 1217 3217 1369 3369 1580 3580 868 2868 1761 3761 63 2063 1667 3667 296 2296 1564 3564 207 2207 356 2356 466 2466 447 2447 618 2618 1762 3762 1962 3962 340 2340 15 2015 35 2035 696 2696 1617 3617 1446 3446 1084 3084 416 2416 100 2100 1589 3589 1953 3953 2000 4000 1250 3250 753 2753 50 2050 67 2067 1470 3470 725 2725 602 2602 848 2848 224 2224 1818 3818 90 2090 933 2933 1313 3313 877 2877 398 2398 1516 3516 376 2376 1107 3107 567 2567 1828 3828 1433 3433 1819 3819 1726 3726 512 2512 755 2755 1271 3271 913 2913 13 2013 1371 3371 1283 3283 1235 3235 1423 3423 749 2749 385 2385 647 2647 1954 3954 1448 3448 960 2960 1033 3033 1386 3386 209 2209 1340 3340 1859 3859 1718 3718 1149 3149 1018 3018 425 2425 1240 3240 1606 3606 1941 3941 810 2810 276 2276 93 2093
946 2946 311 2311 1510 3510 915 2915 1040 3040 839 2839 1849 3849 1805 3805 815 2815 1629 3629 1838 3838 878 2878 501 2501 997 2997 107 2107 1127 3127 191 2191 430 2430 1099 3099 1420 3420 272 2272 794 2794 680 2680 57 2057 1025 3025 1381 3381 110 2110 888 2888 66 2066 1300 3300 188 2188 1216 3216 1290 3290 450 2450 1959 3959 427 2427 1770 3770 136 2136 657 2657 1932 3932 966 2966 1545 3545 1406 3406 349 2349 1192 3192 1666 3666 306 2306 974 2974 1062 3062 570 2570 1417 3417 338 2338 1586 3586 1309 3309 293 2293 1329 3329 1139 3139 1956 3956 819 2819 1793 3793 474 2474 1981 3981 1655 3655 1432 3432 1089 3089 1178 3178 1103 3103 1326 3326 1237 3237 611 2611 1541 3541 608 2608 1992 3992 1361 3361 761 2761 1836 3836 1998 3998 73 2073 1124 3124 1169 3169 969 2969 1274 3274 1820 3820 1075 3075 881 2881 482 2482 743 2743 1052 3052 932 2932 1794 3794 1330 3330 1141 3141 1412 3412 723 2723 1976 3976 1511 3511 374 2374 262 2262 492 2492 331 2331 1331 3331 119 2119 527 2527 1262 3262 1036 3036 1123 3123 1064 3064 408 2408 46 2046 1973 3973 851 2851 677 2677 1325 3325 203 2203 1869 3869 1425 3425 547 2547 1934 3934 590 2590 1591 3591 1675 3675 192 2192 1493 3493 1109 3109 1279 3279 635 2635 1154 3154 10 2010 779 2779 1053 3053 1521 3521 970 2970 1866 3866 146 2146 263 2263 1715 3715 1266 3266 1899 3899 9 2009 160 2160 1881 3881 307 2307 1883 3883 1382 3382 898 2898 143 2143 1246 3246 1034 3034 989 2989 516 2516 351 2351 762 2762 612 2612 1212 3212 1568 3568 1268 3268 1988 3988 1468 3468 312 2312 350 2350 59 2059 200 2200 1395 3395 72 2072 1503 3503 575 2575 154 2154 1900 3900 1112 3112 45 2045 333 2333 1525 3525 1402 3402 1131 3131 735 2735 1697 3697 1490 3490 1214 3214 43 2043 317 2317 285 2285 221 2221 240 2240 1811 3811 1552 3552 1550 3550 814 2814 643 2643 1750 3750 691 2691 967 2967 908 2908 158 2158 596 2596 520 2520 1907 3907 352 2352 692 2692 1013 3013 1709 3709 1683 3683 931 2931 1735 3735 1787 3787 1967 3967 1321 3321 456 2456 551 2551 5 2005 486 2486 1379 3379 1434 3434 496 2496 1483 3483 1164 3164 1673 3673 491 2491 1194 3194 1703 3703 1725 3725 1230 3230 1481 3481 1531 3531 1403 3403 557 2557 569 2569 159 2159 1255 3255 197 2197 1085 3085 1971 3971 1554 3554 179 2179 639 2639 787 2787 1128 3128 1888 3888 1676 3676 1285 3285 1438 3438 402 2402 1442 3442 1764 3764 759 2759 1937 3937 479 2479 1769 3769 560 2560 1447 3447 1116 3116 984 2984 670 2670 1172 3172 1202 3202 189 2189 1267 3267 1375 3375 1161 3161 698 2698 275 2275 494 2494 1452 3452 1175 3175 21 2021 797 2797 650 2650 589 2589 182 2182 1156 3156 714 2714 672 2672 3 2003 524 2524 1514 3514 1430 3430 1201 3201 174 2174 273 2273 484 2484 1807 3807 1226 3226 1083 3083 487 2487 1797 3797 1494 3494 178 2178 314 2314 531 2531 1556 3556 681 2681 652 2652 246 2246 1199 3199 1933 3933 1567 3567 1906 3906 1590 3590 437 2437 1365 3365 854 2854 626 2626 305 2305 1063 3063 1113 3113 1619 3619 1913 3913 417 2417 453 2453 891 2891 1356 3356 673 2673 1963 3963 284 2284 1467 3467



































