instance61_nreq1000_nveh20_gamma879
501 1501 4 1004 511 1511 611 1611 230 1230 27 1027 747 1747 949 1949 706 1706 585 1585 533 1533 54 1054 653 1653 46 1046 720 1720 660 1660 464 1464 616 1616 959 1959 484 1484 291 1291 757 1757 229 1229 183 1183 523 1523 103 1103 742 1742 792 1792 953 1953 961 1961 540 1540 527 1527 661 1661 407 1407 341 1341 289 1289 23 1023 770 1770 951 1951 789 1789 371 1371 146 1146 332 1332 316 1316 164 1164 177 1177 875 1875 329 1329 288 1288 808 1808 736 1736 604 1604 889 1889 600 1600 563 1563 530 1530 734 1734 312 1312 564 1564 809 1809 619 1619 536 1536 139 1139 711 1711 917 1917 724 1724 252 1252 331 1331 311 1311 445 1445 220 1220 763 1763 762 1762 726 1726 830 1830 668 1668 858 1858 908 1908 90 1090 796 1796 442 1442 754 1754 472 1472 766 1766 572 1572 283 1283 859 1859 486 1486 470 1470 48 1048 449 1449 929 1929 265 1265 22 1022 828 1828 175 1175 713 1713 662 1662 658 1658 677 1677 794 1794 746 1746 880 1880 263 1263 731 1731 542 1542 827 1827 35 1035 490 1490 894 1894 650 1650 55 1055 203 1203 529 1529 651 1651 460 1460 489 1489 837 1837 160 1160 281 1281 83 1083 624 1624 632 1632 208 1208 406 1406 268 1268 156 1156 932 1932 147 1147 755 1755 365 1365 380 1380 342 1342 697 1697 306 1306 998 1998 584 1584 237 1237 439 1439 328 1328 531 1531 32 1032 49 1049 730 1730 607 1607 681 1681 905 1905 693 1693 20 1020 947 1947 6 1006 970 1970 422 1422 941 1941 340 1340 478 1478 387 1387 240 1240 945 1945 507 1507 695 1695 791 1791 838 1838 418 1418 566 1566 659 1659 890 1890 441 1441 458 1458 722 1722 118 1118 394 1394 259 1259 178 1178 162 1162 631 1631 997 1997 81 1081 804 1804 322 1322 295 1295 783 1783 786 1786 18 1018 980 1980 580 1580 749 1749 517 1517 31 1031 857 1857 97 1097 907 1907 637 1637 847 1847 59 1059 560 1560 615 1615 485 1485 800 1800 836 1836 68 1068 543 1543 74 1074 217 1217 431 1431 129 1129 874 1874 899 1899 266 1266 926 1926 921 1921 359 1359 565 1565 690 1690
996 1996 430 1430 603 1603 491 1491 729 1729 94 1094 33 1033 155 1155 547 1547 814 1814 91 1091 241 1241 855 1855 915 1915 444 1444 393 1393 466 1466 270 1270 718 1718 552 1552 62 1062 702 1702 506 1506 642 1642 384 1384 743 1743 141 1141 525 1525 9 1009 308 1308 98 1098 360 1360 532 1532 267 1267 452 1452 927 1927 30 1030 184 1184 601 1601 261 1261 633 1633 759 1759 925 1925 180 1180 750 1750 126 1126 829 1829 862 1862 972 1972 475 1475 678 1678 805 1805 802 1802 608 1608 497 1497 302 1302 125 1125 388 1388 569 1569 518 1518 612 1612 508 1508 817 1817 666 1666 37 1037 303 1303 26 1026 549 1549 831 1831 735 1735 733 1733 401 1401 423 1423 285 1285 561 1561 990 1990 248 1248 398 1398 588 1588 415 1415 372 1372 699 1699 939 1939 242 1242 206 1206 803 1803 618 1618 436 1436 321 1321 843 1843 519 1519 168 1168 716 1716 324 1324 904 1904 135 1135 198 1198 687 1687 463 1463 737 1737 271 1271 410 1410 715 1715 832 1832 887 1887 349 1349 639 1639 111 1111 120 1120 539 1539 390 1390 1 1001 424 1424 169 1169 207 1207 522 1522 685 1685 228 1228 274 1274 672 1672 404 1404 455 1455 512 1512 166 1166 842 1842 296 1296 226 1226 395 1395 363 1363 732 1732 496 1496 740 1740 154 1154 807 1807 53 1053 673 1673 307 1307 636 1636 420 1420 812 1812 554 1554 498 1498 591 1591 952 1952 181 1181 199 1199 16 1016 965 1965 477 1477 499 1499 257 1257 40 1040 317 1317 96 1096 421 1421 222 1222 264 1264 820 1820 205 1205 358 1358 481 1481 521 1521 357 1357
364 1364 863 1863 216 1216 781 1781 196 1196 670 1670 741 1741 187 1187 906 1906 223 1223 425 1425 966 1966 610 1610 339 1339 39 1039 627 1627 790 1790 594 1594 88 1088 753 1753 751 1751 752 1752 578 1578 870 1870 626 1626 867 1867 370 1370 47 1047 127 1127 433 1433 310 1310 304 1304 738 1738 635 1635 462 1462 703 1703 325 1325 840 1840 284 1284 108 1108 70 1070 211 1211 514 1514 644 1644 911 1911 967 1967 761 1761 946 1946 5 1005 471 1471 696 1696 667 1667 277 1277 488 1488 969 1969 67 1067 130 1130 354 1354 151 1151 680 1680 622 1622 877 1877 984 1984 878 1878 933 1933 107 1107 416 1416 243 1243 190 1190 347 1347 170 1170 505 1505 931 1931 801 1801 250 1250 456 1456 888 1888 3 1003 42 1042 901 1901 709 1709 712 1712 435 1435 396 1396 723 1723 457 1457 414 1414 868 1868 128 1128 293 1293 66 1066 816 1816 185 1185 528 1528 586 1586 968 1968 784 1784 628 1628 323 1323 581 1581 679 1679 326 1326 236 1236 192 1192 391 1391 923 1923 405 1405 319 1319 474 1474 546 1546 123 1123 769 1769 779 1779 348 1348 526 1526 58 1058 200 1200 82 1082 940 1940 714 1714 774 1774 318 1318 963 1963 479 1479 1000 2000 227 1227 145 1145 133 1133 795 1795 663 1663 294 1294 495 1495 448 1448 17 1017 382 1382 171 1171 988 1988 290 1290 777 1777 437 1437 212 1212 19 1019 879 1879 782 1782 891 1891 810 1810 79 1079 994 1994 583 1583 535 1535 930 1930 182 1182 902 1902 912 1912 682 1682 625 1625 286 1286 634 1634 957 1957 232 1232 165 1165 520 1520 148 1148 500 1500 333 1333 590 1590 504 1504 417 1417 595 1595 621 1621 509 1509 71 1071 806 1806 215 1215 362 1362 698 1698 524 1524 643 1643 78 1078 593 1593 602 1602 459 1459 671 1671 689 1689 892 1892 598 1598 893 1893 919 1919
717 1717 140 1140 788 1788 778 1778 864 1864 176 1176 571 1571 72 1072 551 1551 278 1278 657 1657 244 1244 92 1092 337 1337 852 1852 202 1202 648 1648 297 1297 327 1327 29 1029 409 1409 186 1186 367 1367 541 1541 100 1100 450 1450 839 1839 428 1428 587 1587 330 1330 884 1884 853 1853 193 1193 246 1246 385 1385 375 1375 938 1938 117 1117 350 1350 287 1287 85 1085 686 1686 692 1692 688 1688 813 1813 119 1119 28 1028 995 1995 234 1234 335 1335 623 1623 992 1992 630 1630 834 1834 871 1871 534 1534 993 1993 86 1086 440 1440 239 1239 346 1346 493 1493 149 1149 188 1188 956 1956 8 1008 664 1664 976 1976 315 1315 77 1077 69 1069 113 1113 408 1408 739 1739 934 1934 194 1194 167 1167 204 1204 73 1073 298 1298 104 1104 299 1299 355 1355 50 1050 985 1985 745 1745 254 1254 914 1914 379 1379 99 1099 991 1991 981 1981 483 1483 389 1389 669 1669 918 1918 999 1999 134 1134 916 1916 255 1255 451 1451 468 1468 45 1045 124 1124 771 1771 429 1429 896 1896 258 1258 821 1821 87 1087 592 1592 467 1467 652 1652 568 1568 772 1772 374 1374 675 1675 320 1320 920 1920 924 1924 361 1361 844 1844 201 1201 656 1656 515 1515 179 1179 218 1218 823 1823 882 1882 614 1614 579 1579 469 1469 13 1013 986 1986 492 1492 399 1399 12 1012 975 1975 137 1137 570 1570 833 1833 764 1764 75 1075 775 1775 707 1707 876 1876 231 1231 835 1835 744 1744 480 1480 958 1958 224 1224 334 1334 684 1684 336 1336 275 1275 461 1461 936 1936 545 1545 219 1219 343 1343 886 1886 629 1629 780 1780 376 1376 173 1173 352 1352 191 1191 209 1209 245 1245 978 1978 446 1446 728 1728 555 1555 142 1142 647 1647
152 1152 617 1617 654 1654 548 1548 846 1846 260 1260 562 1562 36 1036 403 1403 573 1573 386 1386 885 1885 282 1282 153 1153 161 1161 41 1041 132 1132 909 1909 434 1434 80 1080 426 1426 727 1727 309 1309 649 1649 276 1276 144 1144 903 1903 973 1973 253 1253 558 1558 597 1597 979 1979 537 1537 559 1559 427 1427 251 1251 345 1345 344 1344 351 1351 815 1815 510 1510 269 1269 89 1089 550 1550 233 1233 105 1105 213 1213 368 1368 960 1960 63 1063 338 1338 61 1061 935 1935 793 1793 538 1538 856 1856 822 1822 121 1121 64 1064 57 1057 922 1922 56 1056 225 1225 44 1044 109 1109 881 1881 799 1799 95 1095 106 1106 950 1950 989 1989 163 1163 116 1116 15 1015 942 1942 43 1043 811 1811 447 1447 419 1419 544 1544 482 1482 131 1131 7 1007 249 1249 454 1454 313 1313 883 1883 861 1861 138 1138 895 1895 273 1273 136 1136 300 1300 280 1280 465 1465 824 1824 825 1825 962 1962 826 1826 987 1987 51 1051 453 1453 955 1955 159 1159 513 1513 928 1928 11 1011 954 1954 756 1756 157 1157 898 1898 14 1014 655 1655 937 1937 818 1818 596 1596 606 1606 577 1577 413 1413 60 1060 10 1010 353 1353 553 1553 758 1758 247 1247 373 1373 412 1412 503 1503 613 1613 301 1301 645 1645 971 1971 638 1638 869 1869 773 1773 704 1704 665 1665 943 1943















